InputData/Validation/Problem3/Slide2/depthwt.asc
ncols 	 450 
nrows 	 450 
xllcorner 	 0.00 
yllcorner 	 0.00 
cellsize 	 0.10 
NODATA_value 	 -9999 
[rows 152 to 189 of 450, columns 0 to 83 of 450]
7.81 7.81 7.81 7.81 7.81 7.81 7.81 7.81 7.81 7.81 7.81 7.81 7.81 7.81 7.81 7.81 7.81 7.81 7.81 7.81 7.81 7.81 7.81 7.81 7.81 7.81 7.81 7.81 7.81 7.81 7.81 7.81 7.81 7.81 7.81 7.81 7.81 7.81 7.81 7.81 7.81 7.81 7.81 7.81 7.81 7.81 7.81 7.81 7.81 7.81 7.81 7.81 7.81 7.81 7.81 7.81 7.81 7.81 7.81 7.81 7.81 7.81 7.81 7.81 7.81 7.81 7.81 7.81 7.81 7.81 7.81 7.81 7.81 7.81 7.81 7.81 7.81 7.81 7.81 7.81 7.81 7.81 7.81 7.81
7.78 7.78 7.78 7.78 7.78 7.78 7.78 7.78 7.78 7.78 7.78 7.78 7.78 7.78 7.78 7.78 7.78 7.78 7.78 7.78 7.78 7.78 7.78 7.78 7.78 7.78 7.78 7.78 7.78 7.78 7.78 7.78 7.78 7.78 7.78 7.78 7.78 7.78 7.78 7.78 7.78 7.78 7.78 7.78 7.78 7.78 7.78 7.78 7.78 7.78 7.78 7.78 7.78 7.78 7.78 7.78 7.78 7.78 7.78 7.78 7.78 7.78 7.78 7.78 7.78 7.78 7.78 7.78 7.78 7.78 7.78 7.78 7.78 7.78 7.78 7.78 7.78 7.78 7.78 7.78 7.78 7.78 7.78 7.78
7.74 7.74 7.74 7.74 7.74 7.74 7.74 7.74 7.74 7.74 7.74 7.74 7.74 7.74 7.74 7.74 7.74 7.74 7.74 7.74 7.74 7.74 7.74 7.74 7.74 7.74 7.74 7.74 7.74 7.74 7.74 7.74 7.74 7.74 7.74 7.74 7.74 7.74 7.74 7.74 7.74 7.74 7.74 7.74 7.74 7.74 7.74 7.74 7.74 7.74 7.74 7.74 7.74 7.74 7.74 7.74 7.74 7.74 7.74 7.74 7.74 7.74 7.74 7.74 7.74 7.74 7.74 7.74 7.74 7.74 7.74 7.74 7.74 7.74 7.74 7.74 7.74 7.74 7.74 7.74 7.74 7.74 7.74 7.74
7.71 7.71 7.71 7.71 7.71 7.71 7.71 7.71 7.71 7.71 7.71 7.71 7.71 7.71 7.71 7.71 7.71 7.71 7.71 7.71 7.71 7.71 7.71 7.71 7.71 7.71 7.71 7.71 7.71 7.71 7.71 7.71 7.71 7.71 7.71 7.71 7.71 7.71 7.71 7.71 7.71 7.71 7.71 7.71 7.71 7.71 7.71 7.71 7.71 7.71 7.71 7.71 7.71 7.71 7.71 7.71 7.71 7.71 7.71 7.71 7.71 7.71 7.71 7.71 7.71 7.71 7.71 7.71 7.71 7.71 7.71 7.71 7.71 7.71 7.71 7.71 7.71 7.71 7.71 7.71 7.71 7.71 7.71 7.71
7.68 7.68 7.68 7.68 7.68 7.68 7.68 7.68 7.68 7.68 7.68 7.68 7.68 7.68 7.68 7.68 7.68 7.68 7.68 7.68 7.68 7.68 7.68 7.68 7.68 7.68 7.68 7.68 7.68 7.68 7.68 7.68 7.68 7.68 7.68 7.68 7.68 7.68 7.68 7.68 7.68 7.68 7.68 7.68 7.68 7.68 7.68 7.68 7.68 7.68 7.68 7.68 7.68 7.68 7.68 7.68 7.68 7.68 7.68 7.68 7.68 7.68 7.68 7.68 7.68 7.68 7.68 7.68 7.68 7.68 7.68 7.68 7.68 7.68 7.68 7.68 7.68 7.68 7.68 7.68 7.68 7.68 7.68 7.68
7.64 7.64 7.64 7.64 7.64 7.64 7.64 7.64 7.64 7.64 7.64 7.64 7.64 7.64 7.64 7.64 7.64 7.64 7.64 7.64 7.64 7.64 7.64 7.64 7.64 7.64 7.64 7.64 7.64 7.64 7.64 7.64 7.64 7.64 7.64 7.64 7.64 7.64 7.64 7.64 7.64 7.64 7.64 7.64 7.64 7.64 7.64 7.64 7.64 7.64 7.64 7.64 7.64 7.64 7.64 7.64 7.64 7.64 7.64 7.64 7.64 7.64 7.64 7.64 7.64 7.64 7.64 7.64 7.64 7.64 7.64 7.64 7.64 7.64 7.64 7.64 7.64 7.64 7.64 7.64 7.64 7.64 7.64 7.64
7.61 7.61 7.61 7.61 7.61 7.61 7.61 7.61 7.61 7.61 7.61 7.61 7.61 7.61 7.61 7.61 7.61 7.61 7.61 7.61 7.61 7.61 7.61 7.61 7.61 7.61 7.61 7.61 7.61 7.61 7.61 7.61 7.61 7.61 7.61 7.61 7.61 7.61 7.61 7.61 7.61 7.61 7.61 7.61 7.61 7.61 7.61 7.61 7.61 7.61 7.61 7.61 7.61 7.61 7.61 7.61 7.61 7.61 7.61 7.61 7.61 7.61 7.61 7.61 7.61 7.61 7.61 7.61 7.61 7.61 7.61 7.61 7.61 7.61 7.61 7.61 7.61 7.61 7.61 7.61 7.61 7.61 7.61 7.61
7.58 7.58 7.58 7.58 7.58 7.58 7.58 7.58 7.58 7.58 7.58 7.58 7.58 7.58 7.58 7.58 7.58 7.58 7.58 7.58 7.58 7.58 7.58 7.58 7.58 7.58 7.58 7.58 7.58 7.58 7.58 7.58 7.58 7.58 7.58 7.58 7.58 7.58 7.58 7.58 7.58 7.58 7.58 7.58 7.58 7.58 7.58 7.58 7.58 7.58 7.58 7.58 7.58 7.58 7.58 7.58 7.58 7.58 7.58 7.58 7.58 7.58 7.58 7.58 7.58 7.58 7.58 7.58 7.58 7.58 7.58 7.58 7.58 7.58 7.58 7.58 7.58 7.58 7.58 7.58 7.58 7.58 7.58 7.58
7.54 7.54 7.54 7.54 7.54 7.54 7.54 7.54 7.54 7.54 7.54 7.54 7.54 7.54 7.54 7.54 7.54 7.54 7.54 7.54 7.54 7.54 7.54 7.54 7.54 7.54 7.54 7.54 7.54 7.54 7.54 7.54 7.54 7.54 7.54 7.54 7.54 7.54 7.54 7.54 7.54 7.54 7.54 7.54 7.54 7.54 7.54 7.54 7.54 7.54 7.54 7.54 7.54 7.54 7.54 7.54 7.54 7.54 7.54 7.54 7.54 7.54 7.54 7.54 7.54 7.54 7.54 7.54 7.54 7.54 7.54 7.54 7.54 7.54 7.54 7.54 7.54 7.54 7.54 7.54 7.54 7.54 7.54 7.54
7.51 7.51 7.51 7.51 7.51 7.51 7.51 7.51 7.51 7.51 7.51 7.51 7.51 7.51 7.51 7.51 7.51 7.51 7.51 7.51 7.51 7.51 7.51 7.51 7.51 7.51 7.51 7.51 7.51 7.51 7.51 7.51 7.51 7.51 7.51 7.51 7.51 7.51 7.51 7.51 7.51 7.51 7.51 7.51 7.51 7.51 7.51 7.51 7.51 7.51 7.51 7.51 7.51 7.51 7.51 7.51 7.51 7.51 7.51 7.51 7.51 7.51 7.51 7.51 7.51 7.51 7.51 7.51 7.51 7.51 7.51 7.51 7.51 7.51 7.51 7.51 7.51 7.51 7.51 7.51 7.51 7.51 7.51 7.51
7.48 7.48 7.48 7.48 7.48 7.48 7.48 7.48 7.48 7.48 7.48 7.48 7.48 7.48 7.48 7.48 7.48 7.48 7.48 7.48 7.48 7.48 7.48 7.48 7.48 7.48 7.48 7.48 7.48 7.48 7.48 7.48 7.48 7.48 7.48 7.48 7.48 7.48 7.48 7.48 7.48 7.48 7.48 7.48 7.48 7.48 7.48 7.48 7.48 7.48 7.48 7.48 7.48 7.48 7.48 7.48 7.48 7.48 7.48 7.48 7.48 7.48 7.48 7.48 7.48 7.48 7.48 7.48 7.48 7.48 7.48 7.48 7.48 7.48 7.48 7.48 7.48 7.48 7.48 7.48 7.48 7.48 7.48 7.48
7.44 7.44 7.44 7.44 7.44 7.44 7.44 7.44 7.44 7.44 7.44 7.44 7.44 7.44 7.44 7.44 7.44 7.44 7.44 7.44 7.44 7.44 7.44 7.44 7.44 7.44 7.44 7.44 7.44 7.44 7.44 7.44 7.44 7.44 7.44 7.44 7.44 7.44 7.44 7.44 7.44 7.44 7.44 7.44 7.44 7.44 7.44 7.44 7.44 7.44 7.44 7.44 7.44 7.44 7.44 7.44 7.44 7.44 7.44 7.44 7.44 7.44 7.44 7.44 7.44 7.44 7.44 7.44 7.44 7.44 7.44 7.44 7.44 7.44 7.44 7.44 7.44 7.44 7.44 7.44 7.44 7.44 7.44 7.44
7.41 7.41 7.41 7.41 7.41 7.41 7.41 7.41 7.41 7.41 7.41 7.41 7.41 7.41 7.41 7.41 7.41 7.41 7.41 7.41 7.41 7.41 7.41 7.41 7.41 7.41 7.41 7.41 7.41 7.41 7.41 7.41 7.41 7.41 7.41 7.41 7.41 7.41 7.41 7.41 7.41 7.41 7.41 7.41 7.41 7.41 7.41 7.41 7.41 7.41 7.41 7.41 7.41 7.41 7.41 7.41 7.41 7.41 7.41 7.41 7.41 7.41 7.41 7.41 7.41 7.41 7.41 7.41 7.41 7.41 7.41 7.41 7.41 7.41 7.41 7.41 7.41 7.41 7.41 7.41 7.41 7.41 7.41 7.41
7.38 7.38 7.38 7.38 7.38 7.38 7.38 7.38 7.38 7.38 7.38 7.38 7.38 7.38 7.38 7.38 7.38 7.38 7.38 7.38 7.38 7.38 7.38 7.38 7.38 7.38 7.38 7.38 7.38 7.38 7.38 7.38 7.38 7.38 7.38 7.38 7.38 7.38 7.38 7.38 7.38 7.38 7.38 7.38 7.38 7.38 7.38 7.38 7.38 7.38 7.38 7.38 7.38 7.38 7.38 7.38 7.38 7.38 7.38 7.38 7.38 7.38 7.38 7.38 7.38 7.38 7.38 7.38 7.38 7.38 7.38 7.38 7.38 7.38 7.38 7.38 7.38 7.38 7.38 7.38 7.38 7.38 7.38 7.38
7.34 7.34 7.34 7.34 7.34 7.34 7.34 7.34 7.34 7.34 7.34 7.34 7.34 7.34 7.34 7.34 7.34 7.34 7.34 7.34 7.34 7.34 7.34 7.34 7.34 7.34 7.34 7.34 7.34 7.34 7.34 7.34 7.34 7.34 7.34 7.34 7.34 7.34 7.34 7.34 7.34 7.34 7.34 7.34 7.34 7.34 7.34 7.34 7.34 7.34 7.34 7.34 7.34 7.34 7.34 7.34 7.34 7.34 7.34 7.34 7.34 7.34 7.34 7.34 7.34 7.34 7.34 7.34 7.34 7.34 7.34 7.34 7.34 7.34 7.34 7.34 7.34 7.34 7.34 7.34 7.34 7.34 7.34 7.34
7.31 7.31 7.31 7.31 7.31 7.31 7.31 7.31 7.31 7.31 7.31 7.31 7.31 7.31 7.31 7.31 7.31 7.31 7.31 7.31 7.31 7.31 7.31 7.31 7.31 7.31 7.31 7.31 7.31 7.31 7.31 7.31 7.31 7.31 7.31 7.31 7.31 7.31 7.31 7.31 7.31 7.31 7.31 7.31 7.31 7.31 7.31 7.31 7.31 7.31 7.31 7.31 7.31 7.31 7.31 7.31 7.31 7.31 7.31 7.31 7.31 7.31 7.31 7.31 7.31 7.31 7.31 7.31 7.31 7.31 7.31 7.31 7.31 7.31 7.31 7.31 7.31 7.31 7.31 7.31 7.31 7.31 7.31 7.31
7.28 7.28 7.28 7.28 7.28 7.28 7.28 7.28 7.28 7.28 7.28 7.28 7.28 7.28 7.28 7.28 7.28 7.28 7.28 7.28 7.28 7.28 7.28 7.28 7.28 7.28 7.28 7.28 7.28 7.28 7.28 7.28 7.28 7.28 7.28 7.28 7.28 7.28 7.28 7.28 7.28 7.28 7.28 7.28 7.28 7.28 7.28 7.28 7.28 7.28 7.28 7.28 7.28 7.28 7.28 7.28 7.28 7.28 7.28 7.28 7.28 7.28 7.28 7.28 7.28 7.28 7.28 7.28 7.28 7.28 7.28 7.28 7.28 7.28 7.28 7.28 7.28 7.28 7.28 7.28 7.28 7.28 7.28 7.28
7.25 7.25 7.25 7.25 7.25 7.25 7.25 7.25 7.25 7.25 7.25 7.25 7.25 7.25 7.25 7.25 7.25 7.25 7.25 7.25 7.25 7.25 7.25 7.25 7.25 7.25 7.25 7.25 7.25 7.25 7.25 7.25 7.25 7.25 7.25 7.25 7.25 7.25 7.25 7.25 7.25 7.25 7.25 7.25 7.25 7.25 7.25 7.25 7.25 7.25 7.25 7.25 7.25 7.25 7.25 7.25 7.25 7.25 7.25 7.25 7.25 7.25 7.25 7.25 7.25 7.25 7.25 7.25 7.25 7.25 7.25 7.25 7.25 7.25 7.25 7.25 7.25 7.25 7.25 7.25 7.25 7.25 7.25 7.25
7.21 7.21 7.21 7.21 7.21 7.21 7.21 7.21 7.21 7.21 7.21 7.21 7.21 7.21 7.21 7.21 7.21 7.21 7.21 7.21 7.21 7.21 7.21 7.21 7.21 7.21 7.21 7.21 7.21 7.21 7.21 7.21 7.21 7.21 7.21 7.21 7.21 7.21 7.21 7.21 7.21 7.21 7.21 7.21 7.21 7.21 7.21 7.21 7.21 7.21 7.21 7.21 7.21 7.21 7.21 7.21 7.21 7.21 7.21 7.21 7.21 7.21 7.21 7.21 7.21 7.21 7.21 7.21 7.21 7.21 7.21 7.21 7.21 7.21 7.21 7.21 7.21 7.21 7.21 7.21 7.21 7.21 7.21 7.21
7.18 7.18 7.18 7.18 7.18 7.18 7.18 7.18 7.18 7.18 7.18 7.18 7.18 7.18 7.18 7.18 7.18 7.18 7.18 7.18 7.18 7.18 7.18 7.18 7.18 7.18 7.18 7.18 7.18 7.18 7.18 7.18 7.18 7.18 7.18 7.18 7.18 7.18 7.18 7.18 7.18 7.18 7.18 7.18 7.18 7.18 7.18 7.18 7.18 7.18 7.18 7.18 7.18 7.18 7.18 7.18 7.18 7.18 7.18 7.18 7.18 7.18 7.18 7.18 7.18 7.18 7.18 7.18 7.18 7.18 7.18 7.18 7.18 7.18 7.18 7.18 7.18 7.18 7.18 7.18 7.18 7.18 7.18 7.18
7.15 7.15 7.15 7.15 7.15 7.15 7.15 7.15 7.15 7.15 7.15 7.15 7.15 7.15 7.15 7.15 7.15 7.15 7.15 7.15 7.15 7.15 7.15 7.15 7.15 7.15 7.15 7.15 7.15 7.15 7.15 7.15 7.15 7.15 7.15 7.15 7.15 7.15 7.15 7.15 7.15 7.15 7.15 7.15 7.15 7.15 7.15 7.15 7.15 7.15 7.15 7.15 7.15 7.15 7.15 7.15 7.15 7.15 7.15 7.15 7.15 7.15 7.15 7.15 7.15 7.15 7.15 7.15 7.15 7.15 7.15 7.15 7.15 7.15 7.15 7.15 7.15 7.15 7.15 7.15 7.15 7.15 7.15 7.15
7.11 7.11 7.11 7.11 7.11 7.11 7.11 7.11 7.11 7.11 7.11 7.11 7.11 7.11 7.11 7.11 7.11 7.11 7.11 7.11 7.11 7.11 7.11 7.11 7.11 7.11 7.11 7.11 7.11 7.11 7.11 7.11 7.11 7.11 7.11 7.11 7.11 7.11 7.11 7.11 7.11 7.11 7.11 7.11 7.11 7.11 7.11 7.11 7.11 7.11 7.11 7.11 7.11 7.11 7.11 7.11 7.11 7.11 7.11 7.11 7.11 7.11 7.11 7.11 7.11 7.11 7.11 7.11 7.11 7.11 7.11 7.11 7.11 7.11 7.11 7.11 7.11 7.11 7.11 7.11 7.11 7.11 7.11 7.11
7.08 7.08 7.08 7.08 7.08 7.08 7.08 7.08 7.08 7.08 7.08 7.08 7.08 7.08 7.08 7.08 7.08 7.08 7.08 7.08 7.08 7.08 7.08 7.08 7.08 7.08 7.08 7.08 7.08 7.08 7.08 7.08 7.08 7.08 7.08 7.08 7.08 7.08 7.08 7.08 7.08 7.08 7.08 7.08 7.08 7.08 7.08 7.08 7.08 7.08 7.08 7.08 7.08 7.08 7.08 7.08 7.08 7.08 7.08 7.08 7.08 7.08 7.08 7.08 7.08 7.08 7.08 7.08 7.08 7.08 7.08 7.08 7.08 7.08 7.08 7.08 7.08 7.08 7.08 7.08 7.08 7.08 7.08 7.08
7.05 7.05 7.05 7.05 7.05 7.05 7.05 7.05 7.05 7.05 7.05 7.05 7.05 7.05 7.05 7.05 7.05 7.05 7.05 7.05 7.05 7.05 7.05 7.05 7.05 7.05 7.05 7.05 7.05 7.05 7.05 7.05 7.05 7.05 7.05 7.05 7.05 7.05 7.05 7.05 7.05 7.05 7.05 7.05 7.05 7.05 7.05 7.05 7.05 7.05 7.05 7.05 7.05 7.05 7.05 7.05 7.05 7.05 7.05 7.05 7.05 7.05 7.05 7.05 7.05 7.05 7.05 7.05 7.05 7.05 7.05 7.05 7.05 7.05 7.05 7.05 7.05 7.05 7.05 7.05 7.05 7.05 7.05 7.05
7.01 7.01 7.01 7.01 7.01 7.01 7.01 7.01 7.01 7.01 7.01 7.01 7.01 7.01 7.01 7.01 7.01 7.01 7.01 7.01 7.01 7.01 7.01 7.01 7.01 7.01 7.01 7.01 7.01 7.01 7.01 7.01 7.01 7.01 7.01 7.01 7.01 7.01 7.01 7.01 7.01 7.01 7.01 7.01 7.01 7.01 7.01 7.01 7.01 7.01 7.01 7.01 7.01 7.01 7.01 7.01 7.01 7.01 7.01 7.01 7.01 7.01 7.01 7.01 7.01 7.01 7.01 7.01 7.01 7.01 7.01 7.01 7.01 7.01 7.01 7.01 7.01 7.01 7.01 7.01 7.01 7.01 7.01 7.01
6.98 6.98 6.98 6.98 6.98 6.98 6.98 6.98 6.98 6.98 6.98 6.98 6.98 6.98 6.98 6.98 6.98 6.98 6.98 6.98 6.98 6.98 6.98 6.98 6.98 6.98 6.98 6.98 6.98 6.98 6.98 6.98 6.98 6.98 6.98 6.98 6.98 6.98 6.98 6.98 6.98 6.98 6.98 6.98 6.98 6.98 6.98 6.98 6.98 6.98 6.98 6.98 6.98 6.98 6.98 6.98 6.98 6.98 6.98 6.98 6.98 6.98 6.98 6.98 6.98 6.98 6.98 6.98 6.98 6.98 6.98 6.98 6.98 6.98 6.98 6.98 6.98 6.98 6.98 6.98 6.98 6.98 6.98 6.98
6.95 6.95 6.95 6.95 6.95 6.95 6.95 6.95 6.95 6.95 6.95 6.95 6.95 6.95 6.95 6.95 6.95 6.95 6.95 6.95 6.95 6.95 6.95 6.95 6.95 6.95 6.95 6.95 6.95 6.95 6.95 6.95 6.95 6.95 6.95 6.95 6.95 6.95 6.95 6.95 6.95 6.95 6.95 6.95 6.95 6.95 6.95 6.95 6.95 6.95 6.95 6.95 6.95 6.95 6.95 6.95 6.95 6.95 6.95 6.95 6.95 6.95 6.95 6.95 6.95 6.95 6.95 6.95 6.95 6.95 6.95 6.95 6.95 6.95 6.95 6.95 6.95 6.95 6.95 6.95 6.95 6.95 6.95 6.95
6.91 6.91 6.91 6.91 6.91 6.91 6.91 6.91 6.91 6.91 6.91 6.91 6.91 6.91 6.91 6.91 6.91 6.91 6.91 6.91 6.91 6.91 6.91 6.91 6.91 6.91 6.91 6.91 6.91 6.91 6.91 6.91 6.91 6.91 6.91 6.91 6.91 6.91 6.91 6.91 6.91 6.91 6.91 6.91 6.91 6.91 6.91 6.91 6.91 6.91 6.91 6.91 6.91 6.91 6.91 6.91 6.91 6.91 6.91 6.91 6.91 6.91 6.91 6.91 6.91 6.91 6.91 6.91 6.91 6.91 6.91 6.91 6.91 6.91 6.91 6.91 6.91 6.91 6.91 6.91 6.91 6.91 6.91 6.91
6.88 6.88 6.88 6.88 6.88 6.88 6.88 6.88 6.88 6.88 6.88 6.88 6.88 6.88 6.88 6.88 6.88 6.88 6.88 6.88 6.88 6.88 6.88 6.88 6.88 6.88 6.88 6.88 6.88 6.88 6.88 6.88 6.88 6.88 6.88 6.88 6.88 6.88 6.88 6.88 6.88 6.88 6.88 6.88 6.88 6.88 6.88 6.88 6.88 6.88 6.88 6.88 6.88 6.88 6.88 6.88 6.88 6.88 6.88 6.88 6.88 6.88 6.88 6.88 6.88 6.88 6.88 6.88 6.88 6.88 6.88 6.88 6.88 6.88 6.88 6.88 6.88 6.88 6.88 6.88 6.88 6.88 6.88 6.88
6.85 6.85 6.85 6.85 6.85 6.85 6.85 6.85 6.85 6.85 6.85 6.85 6.85 6.85 6.85 6.85 6.85 6.85 6.85 6.85 6.85 6.85 6.85 6.85 6.85 6.85 6.85 6.85 6.85 6.85 6.85 6.85 6.85 6.85 6.85 6.85 6.85 6.85 6.85 6.85 6.85 6.85 6.85 6.85 6.85 6.85 6.85 6.85 6.85 6.85 6.85 6.85 6.85 6.85 6.85 6.85 6.85 6.85 6.85 6.85 6.85 6.85 6.85 6.85 6.85 6.85 6.85 6.85 6.85 6.85 6.85 6.85 6.85 6.85 6.85 6.85 6.85 6.85 6.85 6.85 6.85 6.85 6.85 6.85
6.81 6.81 6.81 6.81 6.81 6.81 6.81 6.81 6.81 6.81 6.81 6.81 6.81 6.81 6.81 6.81 6.81 6.81 6.81 6.81 6.81 6.81 6.81 6.81 6.81 6.81 6.81 6.81 6.81 6.81 6.81 6.81 6.81 6.81 6.81 6.81 6.81 6.81 6.81 6.81 6.81 6.81 6.81 6.81 6.81 6.81 6.81 6.81 6.81 6.81 6.81 6.81 6.81 6.81 6.81 6.81 6.81 6.81 6.81 6.81 6.81 6.81 6.81 6.81 6.81 6.81 6.81 6.81 6.81 6.81 6.81 6.81 6.81 6.81 6.81 6.81 6.81 6.81 6.81 6.81 6.81 6.81 6.81 6.81
6.78 6.78 6.78 6.78 6.78 6.78 6.78 6.78 6.78 6.78 6.78 6.78 6.78 6.78 6.78 6.78 6.78 6.78 6.78 6.78 6.78 6.78 6.78 6.78 6.78 6.78 6.78 6.78 6.78 6.78 6.78 6.78 6.78 6.78 6.78 6.78 6.78 6.78 6.78 6.78 6.78 6.78 6.78 6.78 6.78 6.78 6.78 6.78 6.78 6.78 6.78 6.78 6.78 6.78 6.78 6.78 6.78 6.78 6.78 6.78 6.78 6.78 6.78 6.78 6.78 6.78 6.78 6.78 6.78 6.78 6.78 6.78 6.78 6.78 6.78 6.78 6.78 6.78 6.78 6.78 6.78 6.78 6.78 6.78
6.75 6.75 6.75 6.75 6.75 6.75 6.75 6.75 6.75 6.75 6.75 6.75 6.75 6.75 6.75 6.75 6.75 6.75 6.75 6.75 6.75 6.75 6.75 6.75 6.75 6.75 6.75 6.75 6.75 6.75 6.75 6.75 6.75 6.75 6.75 6.75 6.75 6.75 6.75 6.75 6.75 6.75 6.75 6.75 6.75 6.75 6.75 6.75 6.75 6.75 6.75 6.75 6.75 6.75 6.75 6.75 6.75 6.75 6.75 6.75 6.75 6.75 6.75 6.75 6.75 6.75 6.75 6.75 6.75 6.75 6.75 6.75 6.75 6.75 6.75 6.75 6.75 6.75 6.75 6.75 6.75 6.75 6.75 6.75
6.71 6.71 6.71 6.71 6.71 6.71 6.71 6.71 6.71 6.71 6.71 6.71 6.71 6.71 6.71 6.71 6.71 6.71 6.71 6.71 6.71 6.71 6.71 6.71 6.71 6.71 6.71 6.71 6.71 6.71 6.71 6.71 6.71 6.71 6.71 6.71 6.71 6.71 6.71 6.71 6.71 6.71 6.71 6.71 6.71 6.71 6.71 6.71 6.71 6.71 6.71 6.71 6.71 6.71 6.71 6.71 6.71 6.71 6.71 6.71 6.71 6.71 6.71 6.71 6.71 6.71 6.71 6.71 6.71 6.71 6.71 6.71 6.71 6.71 6.71 6.71 6.71 6.71 6.71 6.71 6.71 6.71 6.71 6.71
6.68 6.68 6.68 6.68 6.68 6.68 6.68 6.68 6.68 6.68 6.68 6.68 6.68 6.68 6.68 6.68 6.68 6.68 6.68 6.68 6.68 6.68 6.68 6.68 6.68 6.68 6.68 6.68 6.68 6.68 6.68 6.68 6.68 6.68 6.68 6.68 6.68 6.68 6.68 6.68 6.68 6.68 6.68 6.68 6.68 6.68 6.68 6.68 6.68 6.68 6.68 6.68 6.68 6.68 6.68 6.68 6.68 6.68 6.68 6.68 6.68 6.68 6.68 6.68 6.68 6.68 6.68 6.68 6.68 6.68 6.68 6.68 6.68 6.68 6.68 6.68 6.68 6.68 6.68 6.68 6.68 6.68 6.68 6.68
6.65 6.65 6.65 6.65 6.65 6.65 6.65 6.65 6.65 6.65 6.65 6.65 6.65 6.65 6.65 6.65 6.65 6.65 6.65 6.65 6.65 6.65 6.65 6.65 6.65 6.65 6.65 6.65 6.65 6.65 6.65 6.65 6.65 6.65 6.65 6.65 6.65 6.65 6.65 6.65 6.65 6.65 6.65 6.65 6.65 6.65 6.65 6.65 6.65 6.65 6.65 6.65 6.65 6.65 6.65 6.65 6.65 6.65 6.65 6.65 6.65 6.65 6.65 6.65 6.65 6.65 6.65 6.65 6.65 6.65 6.65 6.65 6.65 6.65 6.65 6.65 6.65 6.65 6.65 6.65 6.65 6.65 6.65 6.65
6.62 6.62 6.62 6.62 6.62 6.62 6.62 6.62 6.62 6.62 6.62 6.62 6.62 6.62 6.62 6.62 6.62 6.62 6.62 6.62 6.62 6.62 6.62 6.62 6.62 6.62 6.62 6.62 6.62 6.62 6.62 6.62 6.62 6.62 6.62 6.62 6.62 6.62 6.62 6.62 6.62 6.62 6.62 6.62 6.62 6.62 6.62 6.62 6.62 6.62 6.62 6.62 6.62 6.62 6.62 6.62 6.62 6.62 6.62 6.62 6.62 6.62 6.62 6.62 6.62 6.62 6.62 6.62 6.62 6.62 6.62 6.62 6.62 6.62 6.62 6.62 6.62 6.62 6.62 6.62 6.62 6.62 6.62 6.62
6.58 6.58 6.58 6.58 6.58 6.58 6.58 6.58 6.58 6.58 6.58 6.58 6.58 6.58 6.58 6.58 6.58 6.58 6.58 6.58 6.58 6.58 6.58 6.58 6.58 6.58 6.58 6.58 6.58 6.58 6.58 6.58 6.58 6.58 6.58 6.58 6.58 6.58 6.58 6.58 6.58 6.58 6.58 6.58 6.58 6.58 6.58 6.58 6.58 6.58 6.58 6.58 6.58 6.58 6.58 6.58 6.58 6.58 6.58 6.58 6.58 6.58 6.58 6.58 6.58 6.58 6.58 6.58 6.58 6.58 6.58 6.58 6.58 6.58 6.58 6.58 6.58 6.58 6.58 6.58 6.58 6.58 6.58 6.58
