InputData/Validation/Problem3/Slide2/depthwt.asc
ncols 	 450 
nrows 	 450 
xllcorner 	 0.00 
yllcorner 	 0.00 
cellsize 	 0.10 
NODATA_value 	 -9999 
[rows 114 to 151 of 450, columns 84 to 167 of 450]
7.54 7.54 7.54 7.54 7.54 7.54 7.54 7.54 7.54 7.54 7.54 7.54 7.54 7.54 7.54 7.54 7.54 7.54 7.54 7.54 7.54 7.54 7.54 7.54 7.54 7.54 7.54 7.54 7.54 7.54 7.54 7.54 7.54 7.54 7.54 7.54 7.54 7.54 7.54 7.54 7.54 7.54 7.54 7.54 7.54 7.54 7.54 7.54 7.54 7.54 7.54 7.54 7.54 7.54 7.54 7.54 7.54 7.54 7.54 7.54 7.54 7.54 7.54 7.54 7.54 7.54 7.54 7.54 7.54 7.54 7.54 7.54 7.54 7.54 7.54 7.54 7.54 7.54 7.54 7.54 7.54 7.54 7.54 7.54
7.56 7.56 7.56 7.56 7.56 7.56 7.56 7.56 7.56 7.56 7.56 7.56 7.56 7.56 7.56 7.56 7.56 7.56 7.56 7.56 7.56 7.56 7.56 7.56 7.56 7.56 7.56 7.56 7.56 7.56 7.56 7.56 7.56 7.56 7.56 7.56 7.56 7.56 7.56 7.56 7.56 7.56 7.56 7.56 7.56 7.56 7.56 7.56 7.56 7.56 7.56 7.56 7.56 7.56 7.56 7.56 7.56 7.56 7.56 7.56 7.56 7.56 7.56 7.56 7.56 7.56 7.56 7.56 7.56 7.56 7.56 7.56 7.56 7.56 7.56 7.56 7.56 7.56 7.56 7.56 7.56 7.56 7.56 7.56
7.58 7.58 7.58 7.58 7.58 7.58 7.58 7.58 7.58 7.58 7.58 7.58 7.58 7.58 7.58 7.58 7.58 7.58 7.58 7.58 7.58 7.58 7.58 7.58 7.58 7.58 7.58 7.58 7.58 7.58 7.58 7.58 7.58 7.58 7.58 7.58 7.58 7.58 7.58 7.58 7.58 7.58 7.58 7.58 7.58 7.58 7.58 7.58 7.58 7.58 7.58 7.58 7.58 7.58 7.58 7.58 7.58 7.58 7.58 7.58 7.58 7.58 7.58 7.58 7.58 7.58 7.58 7.58 7.58 7.58 7.58 7.58 7.58 7.58 7.58 7.58 7.58 7.58 7.58 7.58 7.58 7.58 7.58 7.58
7.59 7.59 7.59 7.59 7.59 7.59 7.59 7.59 7.59 7.59 7.59 7.59 7.59 7.59 7.59 7.59 7.59 7.59 7.59 7.59 7.59 7.59 7.59 7.59 7.59 7.59 7.59 7.59 7.59 7.59 7.59 7.59 7.59 7.59 7.59 7.59 7.59 7.59 7.59 7.59 7.59 7.59 7.59 7.59 7.59 7.59 7.59 7.59 7.59 7.59 7.59 7.59 7.59 7.59 7.59 7.59 7.59 7.59 7.59 7.59 7.59 7.59 7.59 7.59 7.59 7.59 7.59 7.59 7.59 7.59 7.59 7.59 7.59 7.59 7.59 7.59 7.59 7.59 7.59 7.59 7.59 7.59 7.59 7.59
7.61 7.61 7.61 7.61 7.61 7.61 7.61 7.61 7.61 7.61 7.61 7.61 7.61 7.61 7.61 7.61 7.61 7.61 7.61 7.61 7.61 7.61 7.61 7.61 7.61 7.61 7.61 7.61 7.61 7.61 7.61 7.61 7.61 7.61 7.61 7.61 7.61 7.61 7.61 7.61 7.61 7.61 7.61 7.61 7.61 7.61 7.61 7.61 7.61 7.61 7.61 7.61 7.61 7.61 7.61 7.61 7.61 7.61 7.61 7.61 7.61 7.61 7.61 7.61 7.61 7.61 7.61 7.61 7.61 7.61 7.61 7.61 7.61 7.61 7.61 7.61 7.61 7.61 7.61 7.61 7.61 7.61 7.61 7.61
7.63 7.63 7.63 7.63 7.63 7.63 7.63 7.63 7.63 7.63 7.63 7.63 7.63 7.63 7.63 7.63 7.63 7.63 7.63 7.63 7.63 7.63 7.63 7.63 7.63 7.63 7.63 7.63 7.63 7.63 7.63 7.63 7.63 7.63 7.63 7.63 7.63 7.63 7.63 7.63 7.63 7.63 7.63 7.63 7.63 7.63 7.63 7.63 7.63 7.63 7.63 7.63 7.63 7.63 7.63 7.63 7.63 7.63 7.63 7.63 7.63 7.63 7.63 7.63 7.63 7.63 7.63 7.63 7.63 7.63 7.63 7.63 7.63 7.63 7.63 7.63 7.63 7.63 7.63 7.63 7.63 7.63 7.63 7.63
7.64 7.64 7.64 7.64 7.64 7.64 7.64 7.64 7.64 7.64 7.64 7.64 7.64 7.64 7.64 7.64 7.64 7.64 7.64 7.64 7.64 7.64 7.64 7.64 7.64 7.64 7.64 7.64 7.64 7.64 7.64 7.64 7.64 7.64 7.64 7.64 7.64 7.64 7.64 7.64 7.64 7.64 7.64 7.64 7.64 7.64 7.64 7.64 7.64 7.64 7.64 7.64 7.64 7.64 7.64 7.64 7.64 7.64 7.64 7.64 7.64 7.64 7.64 7.64 7.64 7.64 7.64 7.64 7.64 7.64 7.64 7.64 7.64 7.64 7.64 7.64 7.64 7.64 7.64 7.64 7.64 7.64 7.64 7.64
7.66 7.66 7.66 7.66 7.66 7.66 7.66 7.66 7.66 7.66 7.66 7.66 7.66 7.66 7.66 7.66 7.66 7.66 7.66 7.66 7.66 7.66 7.66 7.66 7.66 7.66 7.66 7.66 7.66 7.66 7.66 7.66 7.66 7.66 7.66 7.66 7.66 7.66 7.66 7.66 7.66 7.66 7.66 7.66 7.66 7.66 7.66 7.66 7.66 7.66 7.66 7.66 7.66 7.66 7.66 7.66 7.66 7.66 7.66 7.66 7.66 7.66 7.66 7.66 7.66 7.66 7.66 7.66 7.66 7.66 7.66 7.66 7.66 7.66 7.66 7.66 7.66 7.66 7.66 7.66 7.66 7.66 7.66 7.66
7.68 7.68 7.68 7.68 7.68 7.68 7.68 7.68 7.68 7.68 7.68 7.68 7.68 7.68 7.68 7.68 7.68 7.68 7.68 7.68 7.68 7.68 7.68 7.68 7.68 7.68 7.68 7.68 7.68 7.68 7.68 7.68 7.68 7.68 7.68 7.68 7.68 7.68 7.68 7.68 7.68 7.68 7.68 7.68 7.68 7.68 7.68 7.68 7.68 7.68 7.68 7.68 7.68 7.68 7.68 7.68 7.68 7.68 7.68 7.68 7.68 7.68 7.68 7.68 7.68 7.68 7.68 7.68 7.68 7.68 7.68 7.68 7.68 7.68 7.68 7.68 7.68 7.68 7.68 7.68 7.68 7.68 7.68 7.68
7.70 7.70 7.70 7.70 7.70 7.70 7.70 7.70 7.70 7.70 7.70 7.70 7.70 7.70 7.70 7.70 7.70 7.70 7.70 7.70 7.70 7.70 7.70 7.70 7.70 7.70 7.70 7.70 7.70 7.70 7.70 7.70 7.70 7.70 7.70 7.70 7.70 7.70 7.70 7.70 7.70 7.70 7.70 7.70 7.70 7.70 7.70 7.70 7.70 7.70 7.70 7.70 7.70 7.70 7.70 7.70 7.70 7.70 7.70 7.70 7.70 7.70 7.70 7.70 7.70 7.70 7.70 7.70 7.70 7.70 7.70 7.70 7.70 7.70 7.70 7.70 7.70 7.70 7.70 7.70 7.70 7.70 7.70 7.70
7.71 7.71 7.71 7.71 7.71 7.71 7.71 7.71 7.71 7.71 7.71 7.71 7.71 7.71 7.71 7.71 7.71 7.71 7.71 7.71 7.71 7.71 7.71 7.71 7.71 7.71 7.71 7.71 7.71 7.71 7.71 7.71 7.71 7.71 7.71 7.71 7.71 7.71 7.71 7.71 7.71 7.71 7.71 7.71 7.71 7.71 7.71 7.71 7.71 7.71 7.71 7.71 7.71 7.71 7.71 7.71 7.71 7.71 7.71 7.71 7.71 7.71 7.71 7.71 7.71 7.71 7.71 7.71 7.71 7.71 7.71 7.71 7.71 7.71 7.71 7.71 7.71 7.71 7.71 7.71 7.71 7.71 7.71 7.71
7.73 7.73 7.73 7.73 7.73 7.73 7.73 7.73 7.73 7.73 7.73 7.73 7.73 7.73 7.73 7.73 7.73 7.73 7.73 7.73 7.73 7.73 7.73 7.73 7.73 7.73 7.73 7.73 7.73 7.73 7.73 7.73 7.73 7.73 7.73 7.73 7.73 7.73 7.73 7.73 7.73 7.73 7.73 7.73 7.73 7.73 7.73 7.73 7.73 7.73 7.73 7.73 7.73 7.73 7.73 7.73 7.73 7.73 7.73 7.73 7.73 7.73 7.73 7.73 7.73 7.73 7.73 7.73 7.73 7.73 7.73 7.73 7.73 7.73 7.73 7.73 7.73 7.73 7.73 7.73 7.73 7.73 7.73 7.73
7.75 7.75 7.75 7.75 7.75 7.75 7.75 7.75 7.75 7.75 7.75 7.75 7.75 7.75 7.75 7.75 7.75 7.75 7.75 7.75 7.75 7.75 7.75 7.75 7.75 7.75 7.75 7.75 7.75 7.75 7.75 7.75 7.75 7.75 7.75 7.75 7.75 7.75 7.75 7.75 7.75 7.75 7.75 7.75 7.75 7.75 7.75 7.75 7.75 7.75 7.75 7.75 7.75 7.75 7.75 7.75 7.75 7.75 7.75 7.75 7.75 7.75 7.75 7.75 7.75 7.75 7.75 7.75 7.75 7.75 7.75 7.75 7.75 7.75 7.75 7.75 7.75 7.75 7.75 7.75 7.75 7.75 7.75 7.75
7.76 7.76 7.76 7.76 7.76 7.76 7.76 7.76 7.76 7.76 7.76 7.76 7.76 7.76 7.76 7.76 7.76 7.76 7.76 7.76 7.76 7.76 7.76 7.76 7.76 7.76 7.76 7.76 7.76 7.76 7.76 7.76 7.76 7.76 7.76 7.76 7.76 7.76 7.76 7.76 7.76 7.76 7.76 7.76 7.76 7.76 7.76 7.76 7.76 7.76 7.76 7.76 7.76 7.76 7.76 7.76 7.76 7.76 7.76 7.76 7.76 7.76 7.76 7.76 7.76 7.76 7.76 7.76 7.76 7.76 7.76 7.76 7.76 7.76 7.76 7.76 7.76 7.76 7.76 7.76 7.76 7.76 7.76 7.76
7.78 7.78 7.78 7.78 7.78 7.78 7.78 7.78 7.78 7.78 7.78 7.78 7.78 7.78 7.78 7.78 7.78 7.78 7.78 7.78 7.78 7.78 7.78 7.78 7.78 7.78 7.78 7.78 7.78 7.78 7.78 7.78 7.78 7.78 7.78 7.78 7.78 7.78 7.78 7.78 7.78 7.78 7.78 7.78 7.78 7.78 7.78 7.78 7.78 7.78 7.78 7.78 7.78 7.78 7.78 7.78 7.78 7.78 7.78 7.78 7.78 7.78 7.78 7.78 7.78 7.78 7.78 7.78 7.78 7.78 7.78 7.78 7.78 7.78 7.78 7.78 7.78 7.78 7.78 7.78 7.78 7.78 7.78 7.78
7.80 7.80 7.80 7.80 7.80 7.80 7.80 7.80 7.80 7.80 7.80 7.80 7.80 7.80 7.80 7.80 7.80 7.80 7.80 7.80 7.80 7.80 7.80 7.80 7.80 7.80 7.80 7.80 7.80 7.80 7.80 7.80 7.80 7.80 7.80 7.80 7.80 7.80 7.80 7.80 7.80 7.80 7.80 7.80 7.80 7.80 7.80 7.80 7.80 7.80 7.80 7.80 7.80 7.80 7.80 7.80 7.80 7.80 7.80 7.80 7.80 7.80 7.80 7.80 7.80 7.80 7.80 7.80 7.80 7.80 7.80 7.80 7.80 7.80 7.80 7.80 7.80 7.80 7.80 7.80 7.80 7.80 7.80 7.80
7.81 7.81 7.81 7.81 7.81 7.81 7.81 7.81 7.81 7.81 7.81 7.81 7.81 7.81 7.81 7.81 7.81 7.81 7.81 7.81 7.81 7.81 7.81 7.81 7.81 7.81 7.81 7.81 7.81 7.81 7.81 7.81 7.81 7.81 7.81 7.81 7.81 7.81 7.81 7.81 7.81 7.81 7.81 7.81 7.81 7.81 7.81 7.81 7.81 7.81 7.81 7.81 7.81 7.81 7.81 7.81 7.81 7.81 7.81 7.81 7.81 7.81 7.81 7.81 7.81 7.81 7.81 7.81 7.81 7.81 7.81 7.81 7.81 7.81 7.81 7.81 7.81 7.81 7.81 7.81 7.81 7.81 7.81 7.81
7.83 7.83 7.83 7.83 7.83 7.83 7.83 7.83 7.83 7.83 7.83 7.83 7.83 7.83 7.83 7.83 7.83 7.83 7.83 7.83 7.83 7.83 7.83 7.83 7.83 7.83 7.83 7.83 7.83 7.83 7.83 7.83 7.83 7.83 7.83 7.83 7.83 7.83 7.83 7.83 7.83 7.83 7.83 7.83 7.83 7.83 7.83 7.83 7.83 7.83 7.83 7.83 7.83 7.83 7.83 7.83 7.83 7.83 7.83 7.83 7.83 7.83 7.83 7.83 7.83 7.83 7.83 7.83 7.83 7.83 7.83 7.83 7.83 7.83 7.83 7.83 7.83 7.83 7.83 7.83 7.83 7.83 7.83 7.83
7.85 7.85 7.85 7.85 7.85 7.85 7.85 7.85 7.85 7.85 7.85 7.85 7.85 7.85 7.85 7.85 7.85 7.85 7.85 7.85 7.85 7.85 7.85 7.85 7.85 7.85 7.85 7.85 7.85 7.85 7.85 7.85 7.85 7.85 7.85 7.85 7.85 7.85 7.85 7.85 7.85 7.85 7.85 7.85 7.85 7.85 7.85 7.85 7.85 7.85 7.85 7.85 7.85 7.85 7.85 7.85 7.85 7.85 7.85 7.85 7.85 7.85 7.85 7.85 7.85 7.85 7.85 7.85 7.85 7.85 7.85 7.85 7.85 7.85 7.85 7.85 7.85 7.85 7.85 7.85 7.85 7.85 7.85 7.85
7.86 7.86 7.86 7.86 7.86 7.86 7.86 7.86 7.86 7.86 7.86 7.86 7.86 7.86 7.86 7.86 7.86 7.86 7.86 7.86 7.86 7.86 7.86 7.86 7.86 7.86 7.86 7.86 7.86 7.86 7.86 7.86 7.86 7.86 7.86 7.86 7.86 7.86 7.86 7.86 7.86 7.86 7.86 7.86 7.86 7.86 7.86 7.86 7.86 7.86 7.86 7.86 7.86 7.86 7.86 7.86 7.86 7.86 7.86 7.86 7.86 7.86 7.86 7.86 7.86 7.86 7.86 7.86 7.86 7.86 7.86 7.86 7.86 7.86 7.86 7.86 7.86 7.86 7.86 7.86 7.86 7.86 7.86 7.86
7.88 7.88 7.88 7.88 7.88 7.88 7.88 7.88 7.88 7.88 7.88 7.88 7.88 7.88 7.88 7.88 7.88 7.88 7.88 7.88 7.88 7.88 7.88 7.88 7.88 7.88 7.88 7.88 7.88 7.88 7.88 7.88 7.88 7.88 7.88 7.88 7.88 7.88 7.88 7.88 7.88 7.88 7.88 7.88 7.88 7.88 7.88 7.88 7.88 7.88 7.88 7.88 7.88 7.88 7.88 7.88 7.88 7.88 7.88 7.88 7.88 7.88 7.88 7.88 7.88 7.88 7.88 7.88 7.88 7.88 7.88 7.88 7.88 7.88 7.88 7.88 7.88 7.88 7.88 7.88 7.88 7.88 7.88 7.88
7.90 7.90 7.90 7.90 7.90 7.90 7.90 7.90 7.90 7.90 7.90 7.90 7.90 7.90 7.90 7.90 7.90 7.90 7.90 7.90 7.90 7.90 7.90 7.90 7.90 7.90 7.90 7.90 7.90 7.90 7.90 7.90 7.90 7.90 7.90 7.90 7.90 7.90 7.90 7.90 7.90 7.90 7.90 7.90 7.90 7.90 7.90 7.90 7.90 7.90 7.90 7.90 7.90 7.90 7.90 7.90 7.90 7.90 7.90 7.90 7.90 7.90 7.90 7.90 7.90 7.90 7.90 7.90 7.90 7.90 7.90 7.90 7.90 7.90 7.90 7.90 7.90 7.90 7.90 7.90 7.90 7.90 7.90 7.90
7.91 7.91 7.91 7.91 7.91 7.91 7.91 7.91 7.91 7.91 7.91 7.91 7.91 7.91 7.91 7.91 7.91 7.91 7.91 7.91 7.91 7.91 7.91 7.91 7.91 7.91 7.91 7.91 7.91 7.91 7.91 7.91 7.91 7.91 7.91 7.91 7.91 7.91 7.91 7.91 7.91 7.91 7.91 7.91 7.91 7.91 7.91 7.91 7.91 7.91 7.91 7.91 7.91 7.91 7.91 7.91 7.91 7.91 7.91 7.91 7.91 7.91 7.91 7.91 7.91 7.91 7.91 7.91 7.91 7.91 7.91 7.91 7.91 7.91 7.91 7.91 7.91 7.91 7.91 7.91 7.91 7.91 7.91 7.91
7.93 7.93 7.93 7.93 7.93 7.93 7.93 7.93 7.93 7.93 7.93 7.93 7.93 7.93 7.93 7.93 7.93 7.93 7.93 7.93 7.93 7.93 7.93 7.93 7.93 7.93 7.93 7.93 7.93 7.93 7.93 7.93 7.93 7.93 7.93 7.93 7.93 7.93 7.93 7.93 7.93 7.93 7.93 7.93 7.93 7.93 7.93 7.93 7.93 7.93 7.93 7.93 7.93 7.93 7.93 7.93 7.93 7.93 7.93 7.93 7.93 7.93 7.93 7.93 7.93 7.93 7.93 7.93 7.93 7.93 7.93 7.93 7.93 7.93 7.93 7.93 7.93 7.93 7.93 7.93 7.93 7.93 7.93 7.93
7.95 7.95 7.95 7.95 7.95 7.95 7.95 7.95 7.95 7.95 7.95 7.95 7.95 7.95 7.95 7.95 7.95 7.95 7.95 7.95 7.95 7.95 7.95 7.95 7.95 7.95 7.95 7.95 7.95 7.95 7.95 7.95 7.95 7.95 7.95 7.95 7.95 7.95 7.95 7.95 7.95 7.95 7.95 7.95 7.95 7.95 7.95 7.95 7.95 7.95 7.95 7.95 7.95 7.95 7.95 7.95 7.95 7.95 7.95 7.95 7.95 7.95 7.95 7.95 7.95 7.95 7.95 7.95 7.95 7.95 7.95 7.95 7.95 7.95 7.95 7.95 7.95 7.95 7.95 7.95 7.95 7.95 7.95 7.95
7.96 7.96 7.96 7.96 7.96 7.96 7.96 7.96 7.96 7.96 7.96 7.96 7.96 7.96 7.96 7.96 7.96 7.96 7.96 7.96 7.96 7.96 7.96 7.96 7.96 7.96 7.96 7.96 7.96 7.96 7.96 7.96 7.96 7.96 7.96 7.96 7.96 7.96 7.96 7.96 7.96 7.96 7.96 7.96 7.96 7.96 7.96 7.96 7.96 7.96 7.96 7.96 7.96 7.96 7.96 7.96 7.96 7.96 7.96 7.96 7.96 7.96 7.96 7.96 7.96 7.96 7.96 7.96 7.96 7.96 7.96 7.96 7.96 7.96 7.96 7.96 7.96 7.96 7.96 7.96 7.96 7.96 7.96 7.96
7.98 7.98 7.98 7.98 7.98 7.98 7.98 7.98 7.98 7.98 7.98 7.98 7.98 7.98 7.98 7.98 7.98 7.98 7.98 7.98 7.98 7.98 7.98 7.98 7.98 7.98 7.98 7.98 7.98 7.98 7.98 7.98 7.98 7.98 7.98 7.98 7.98 7.98 7.98 7.98 7.98 7.98 7.98 7.98 7.98 7.98 7.98 7.98 7.98 7.98 7.98 7.98 7.98 7.98 7.98 7.98 7.98 7.98 7.98 7.98 7.98 7.98 7.98 7.98 7.98 7.98 7.98 7.98 7.98 7.98 7.98 7.98 7.98 7.98 7.98 7.98 7.98 7.98 7.98 7.98 7.98 7.98 7.98 7.98
8.00 8.00 8.00 8.00 8.00 8.00 8.00 8.00 8.00 8.00 8.00 8.00 8.00 8.00 8.00 8.00 8.00 8.00 8.00 8.00 8.00 8.00 8.00 8.00 8.00 8.00 8.00 8.00 8.00 8.00 8.00 8.00 8.00 8.00 8.00 8.00 8.00 8.00 8.00 8.00 8.00 8.00 8.00 8.00 8.00 8.00 8.00 8.00 8.00 8.00 8.00 8.00 8.00 8.00 8.00 8.00 8.00 8.00 8.00 8.00 8.00 8.00 8.00 8.00 8.00 8.00 8.00 8.00 8.00 8.00 8.00 8.00 8.00 8.00 8.00 8.00 8.00 8.00 8.00 8.00 8.00 8.00 8.00 8.00
8.02 8.02 8.02 8.02 8.02 8.02 8.02 8.02 8.02 8.02 8.02 8.02 8.02 8.02 8.02 8.02 8.02 8.02 8.02 8.02 8.02 8.02 8.02 8.02 8.02 8.02 8.02 8.02 8.02 8.02 8.02 8.02 8.02 8.02 8.02 8.02 8.02 8.02 8.02 8.02 8.02 8.02 8.02 8.02 8.02 8.02 8.02 8.02 8.02 8.02 8.02 8.02 8.02 8.02 8.02 8.02 8.02 8.02 8.02 8.02 8.02 8.02 8.02 8.02 8.02 8.02 8.02 8.02 8.02 8.02 8.02 8.02 8.02 8.02 8.02 8.02 8.02 8.02 8.02 8.02 8.02 8.02 8.02 8.02
8.03 8.03 8.03 8.03 8.03 8.03 8.03 8.03 8.03 8.03 8.03 8.03 8.03 8.03 8.03 8.03 8.03 8.03 8.03 8.03 8.03 8.03 8.03 8.03 8.03 8.03 8.03 8.03 8.03 8.03 8.03 8.03 8.03 8.03 8.03 8.03 8.03 8.03 8.03 8.03 8.03 8.03 8.03 8.03 8.03 8.03 8.03 8.03 8.03 8.03 8.03 8.03 8.03 8.03 8.03 8.03 8.03 8.03 8.03 8.03 8.03 8.03 8.03 8.03 8.03 8.03 8.03 8.03 8.03 8.03 8.03 8.03 8.03 8.03 8.03 8.03 8.03 8.03 8.03 8.03 8.03 8.03 8.03 8.03
8.05 8.05 8.05 8.05 8.05 8.05 8.05 8.05 8.05 8.05 8.05 8.05 8.05 8.05 8.05 8.05 8.05 8.05 8.05 8.05 8.05 8.05 8.05 8.05 8.05 8.05 8.05 8.05 8.05 8.05 8.05 8.05 8.05 8.05 8.05 8.05 8.05 8.05 8.05 8.05 8.05 8.05 8.05 8.05 8.05 8.05 8.05 8.05 8.05 8.05 8.05 8.05 8.05 8.05 8.05 8.05 8.05 8.05 8.05 8.05 8.05 8.05 8.05 8.05 8.05 8.05 8.05 8.05 8.05 8.05 8.05 8.05 8.05 8.05 8.05 8.05 8.05 8.05 8.05 8.05 8.05 8.05 8.05 8.05
8.04 8.04 8.04 8.04 8.04 8.04 8.04 8.04 8.04 8.04 8.04 8.04 8.04 8.04 8.04 8.04 8.04 8.04 8.04 8.04 8.04 8.04 8.04 8.04 8.04 8.04 8.04 8.04 8.04 8.04 8.04 8.04 8.04 8.04 8.04 8.04 8.04 8.04 8.04 8.04 8.04 8.04 8.04 8.04 8.04 8.04 8.04 8.04 8.04 8.04 8.04 8.04 8.04 8.04 8.04 8.04 8.04 8.04 8.04 8.04 8.04 8.04 8.04 8.04 8.04 8.04 8.04 8.04 8.04 8.04 8.04 8.04 8.04 8.04 8.04 8.04 8.04 8.04 8.04 8.04 8.04 8.04 8.04 8.04
8.01 8.01 8.01 8.01 8.01 8.01 8.01 8.01 8.01 8.01 8.01 8.01 8.01 8.01 8.01 8.01 8.01 8.01 8.01 8.01 8.01 8.01 8.01 8.01 8.01 8.01 8.01 8.01 8.01 8.01 8.01 8.01 8.01 8.01 8.01 8.01 8.01 8.01 8.01 8.01 8.01 8.01 8.01 8.01 8.01 8.01 8.01 8.01 8.01 8.01 8.01 8.01 8.01 8.01 8.01 8.01 8.01 8.01 8.01 8.01 8.01 8.01 8.01 8.01 8.01 8.01 8.01 8.01 8.01 8.01 8.01 8.01 8.01 8.01 8.01 8.01 8.01 8.01 8.01 8.01 8.01 8.01 8.01 8.01
7.97 7.97 7.97 7.97 7.97 7.97 7.97 7.97 7.97 7.97 7.97 7.97 7.97 7.97 7.97 7.97 7.97 7.97 7.97 7.97 7.97 7.97 7.97 7.97 7.97 7.97 7.97 7.97 7.97 7.97 7.97 7.97 7.97 7.97 7.97 7.97 7.97 7.97 7.97 7.97 7.97 7.97 7.97 7.97 7.97 7.97 7.97 7.97 7.97 7.97 7.97 7.97 7.97 7.97 7.97 7.97 7.97 7.97 7.97 7.97 7.97 7.97 7.97 7.97 7.97 7.97 7.97 7.97 7.97 7.97 7.97 7.97 7.97 7.97 7.97 7.97 7.97 7.97 7.97 7.97 7.97 7.97 7.97 7.97
7.94 7.94 7.94 7.94 7.94 7.94 7.94 7.94 7.94 7.94 7.94 7.94 7.94 7.94 7.94 7.94 7.94 7.94 7.94 7.94 7.94 7.94 7.94 7.94 7.94 7.94 7.94 7.94 7.94 7.94 7.94 7.94 7.94 7.94 7.94 7.94 7.94 7.94 7.94 7.94 7.94 7.94 7.94 7.94 7.94 7.94 7.94 7.94 7.94 7.94 7.94 7.94 7.94 7.94 7.94 7.94 7.94 7.94 7.94 7.94 7.94 7.94 7.94 7.94 7.94 7.94 7.94 7.94 7.94 7.94 7.94 7.94 7.94 7.94 7.94 7.94 7.94 7.94 7.94 7.94 7.94 7.94 7.94 7.94
7.91 7.91 7.91 7.91 7.91 7.91 7.91 7.91 7.91 7.91 7.91 7.91 7.91 7.91 7.91 7.91 7.91 7.91 7.91 7.91 7.91 7.91 7.91 7.91 7.91 7.91 7.91 7.91 7.91 7.91 7.91 7.91 7.91 7.91 7.91 7.91 7.91 7.91 7.91 7.91 7.91 7.91 7.91 7.91 7.91 7.91 7.91 7.91 7.91 7.91 7.91 7.91 7.91 7.91 7.91 7.91 7.91 7.91 7.91 7.91 7.91 7.91 7.91 7.91 7.91 7.91 7.91 7.91 7.91 7.91 7.91 7.91 7.91 7.91 7.91 7.91 7.91 7.91 7.91 7.91 7.91 7.91 7.91 7.91
7.88 7.88 7.88 7.88 7.88 7.88 7.88 7.88 7.88 7.88 7.88 7.88 7.88 7.88 7.88 7.88 7.88 7.88 7.88 7.88 7.88 7.88 7.88 7.88 7.88 7.88 7.88 7.88 7.88 7.88 7.88 7.88 7.88 7.88 7.88 7.88 7.88 7.88 7.88 7.88 7.88 7.88 7.88 7.88 7.88 7.88 7.88 7.88 7.88 7.88 7.88 7.88 7.88 7.88 7.88 7.88 7.88 7.88 7.88 7.88 7.88 7.88 7.88 7.88 7.88 7.88 7.88 7.88 7.88 7.88 7.88 7.88 7.88 7.88 7.88 7.88 7.88 7.88 7.88 7.88 7.88 7.88 7.88 7.88
7.84 7.84 7.84 7.84 7.84 7.84 7.84 7.84 7.84 7.84 7.84 7.84 7.84 7.84 7.84 7.84 7.84 7.84 7.84 7.84 7.84 7.84 7.84 7.84 7.84 7.84 7.84 7.84 7.84 7.84 7.84 7.84 7.84 7.84 7.84 7.84 7.84 7.84 7.84 7.84 7.84 7.84 7.84 7.84 7.84 7.84 7.84 7.84 7.84 7.84 7.84 7.84 7.84 7.84 7.84 7.84 7.84 7.84 7.84 7.84 7.84 7.84 7.84 7.84 7.84 7.84 7.84 7.84 7.84 7.84 7.84 7.84 7.84 7.84 7.84 7.84 7.84 7.84 7.84 7.84 7.84 7.84 7.84 7.84
