InputData/Validation/Problem3/Slide1/dem.asc
ncols 	 450 
nrows 	 450 
xllcorner 	 0.00 
yllcorner 	 0.00 
cellsize 	 0.10 
NODATA_value 	 -9999 
[rows 306 to 339 of 450, columns 308 to 384 of 450]
10.17 10.17 10.17 10.17 10.17 10.17 10.17 10.17 10.17 10.17 10.17 10.17 10.17 10.17 10.17 10.17 10.17 10.17 10.17 10.17 10.17 10.17 10.17 10.17 10.17 10.17 10.17 10.17 10.17 10.17 10.17 10.17 10.17 10.17 10.17 10.17 10.17 10.17 10.17 10.17 10.17 10.17 10.17 10.17 10.17 10.17 10.17 10.17 10.17 10.17 10.17 10.17 10.17 10.17 10.17 10.17 10.17 10.17 10.17 10.17 10.17 10.17 10.17 10.17 10.17 10.17 10.17 10.17 10.17 10.17 10.17 10.17 10.17 10.17 10.17 10.17 10.17
10.12 10.12 10.12 10.12 10.12 10.12 10.12 10.12 10.12 10.12 10.12 10.12 10.12 10.12 10.12 10.12 10.12 10.12 10.12 10.12 10.12 10.12 10.12 10.12 10.12 10.12 10.12 10.12 10.12 10.12 10.12 10.12 10.12 10.12 10.12 10.12 10.12 10.12 10.12 10.12 10.12 10.12 10.12 10.12 10.12 10.12 10.12 10.12 10.12 10.12 10.12 10.12 10.12 10.12 10.12 10.12 10.12 10.12 10.12 10.12 10.12 10.12 10.12 10.12 10.12 10.12 10.12 10.12 10.12 10.12 10.12 10.12 10.12 10.12 10.12 10.12 10.12
10.07 10.07 10.07 10.07 10.07 10.07 10.07 10.07 10.07 10.07 10.07 10.07 10.07 10.07 10.07 10.07 10.07 10.07 10.07 10.07 10.07 10.07 10.07 10.07 10.07 10.07 10.07 10.07 10.07 10.07 10.07 10.07 10.07 10.07 10.07 10.07 10.07 10.07 10.07 10.07 10.07 10.07 10.07 10.07 10.07 10.07 10.07 10.07 10.07 10.07 10.07 10.07 10.07 10.07 10.07 10.07 10.07 10.07 10.07 10.07 10.07 10.07 10.07 10.07 10.07 10.07 10.07 10.07 10.07 10.07 10.07 10.07 10.07 10.07 10.07 10.07 10.07
10.02 10.02 10.02 10.02 10.02 10.02 10.02 10.02 10.02 10.02 10.02 10.02 10.02 10.02 10.02 10.02 10.02 10.02 10.02 10.02 10.02 10.02 10.02 10.02 10.02 10.02 10.02 10.02 10.02 10.02 10.02 10.02 10.02 10.02 10.02 10.02 10.02 10.02 10.02 10.02 10.02 10.02 10.02 10.02 10.02 10.02 10.02 10.02 10.02 10.02 10.02 10.02 10.02 10.02 10.02 10.02 10.02 10.02 10.02 10.02 10.02 10.02 10.02 10.02 10.02 10.02 10.02 10.02 10.02 10.02 10.02 10.02 10.02 10.02 10.02 10.02 10.02
9.97 9.97 9.97 9.97 9.97 9.97 9.97 9.97 9.97 9.97 9.97 9.97 9.97 9.97 9.97 9.97 9.97 9.97 9.97 9.97 9.97 9.97 9.97 9.97 9.97 9.97 9.97 9.97 9.97 9.97 9.97 9.97 9.97 9.97 9.97 9.97 9.97 9.97 9.97 9.97 9.97 9.97 9.97 9.97 9.97 9.97 9.97 9.97 9.97 9.97 9.97 9.97 9.97 9.97 9.97 9.97 9.97 9.97 9.97 9.97 9.97 9.97 9.97 9.97 9.97 9.97 9.97 9.97 9.97 9.97 9.97 9.97 9.97 9.97 9.97 9.97 9.97
9.92 9.92 9.92 9.92 9.92 9.92 9.92 9.92 9.92 9.92 9.92 9.92 9.92 9.92 9.92 9.92 9.92 9.92 9.92 9.92 9.92 9.92 9.92 9.92 9.92 9.92 9.92 9.92 9.92 9.92 9.92 9.92 9.92 9.92 9.92 9.92 9.92 9.92 9.92 9.92 9.92 9.92 9.92 9.92 9.92 9.92 9.92 9.92 9.92 9.92 9.92 9.92 9.92 9.92 9.92 9.92 9.92 9.92 9.92 9.92 9.92 9.92 9.92 9.92 9.92 9.92 9.92 9.92 9.92 9.92 9.92 9.92 9.92 9.92 9.92 9.92 9.92
9.87 9.87 9.87 9.87 9.87 9.87 9.87 9.87 9.87 9.87 9.87 9.87 9.87 9.87 9.87 9.87 9.87 9.87 9.87 9.87 9.87 9.87 9.87 9.87 9.87 9.87 9.87 9.87 9.87 9.87 9.87 9.87 9.87 9.87 9.87 9.87 9.87 9.87 9.87 9.87 9.87 9.87 9.87 9.87 9.87 9.87 9.87 9.87 9.87 9.87 9.87 9.87 9.87 9.87 9.87 9.87 9.87 9.87 9.87 9.87 9.87 9.87 9.87 9.87 9.87 9.87 9.87 9.87 9.87 9.87 9.87 9.87 9.87 9.87 9.87 9.87 9.87
9.82 9.82 9.82 9.82 9.82 9.82 9.82 9.82 9.82 9.82 9.82 9.82 9.82 9.82 9.82 9.82 9.82 9.82 9.82 9.82 9.82 9.82 9.82 9.82 9.82 9.82 9.82 9.82 9.82 9.82 9.82 9.82 9.82 9.82 9.82 9.82 9.82 9.82 9.82 9.82 9.82 9.82 9.82 9.82 9.82 9.82 9.82 9.82 9.82 9.82 9.82 9.82 9.82 9.82 9.82 9.82 9.82 9.82 9.82 9.82 9.82 9.82 9.82 9.82 9.82 9.82 9.82 9.82 9.82 9.82 9.82 9.82 9.82 9.82 9.82 9.82 9.82
9.77 9.77 9.77 9.77 9.77 9.77 9.77 9.77 9.77 9.77 9.77 9.77 9.77 9.77 9.77 9.77 9.77 9.77 9.77 9.77 9.77 9.77 9.77 9.77 9.77 9.77 9.77 9.77 9.77 9.77 9.77 9.77 9.77 9.77 9.77 9.77 9.77 9.77 9.77 9.77 9.77 9.77 9.77 9.77 9.77 9.77 9.77 9.77 9.77 9.77 9.77 9.77 9.77 9.77 9.77 9.77 9.77 9.77 9.77 9.77 9.77 9.77 9.77 9.77 9.77 9.77 9.77 9.77 9.77 9.77 9.77 9.77 9.77 9.77 9.77 9.77 9.77
9.72 9.72 9.72 9.72 9.72 9.72 9.72 9.72 9.72 9.72 9.72 9.72 9.72 9.72 9.72 9.72 9.72 9.72 9.72 9.72 9.72 9.72 9.72 9.72 9.72 9.72 9.72 9.72 9.72 9.72 9.72 9.72 9.72 9.72 9.72 9.72 9.72 9.72 9.72 9.72 9.72 9.72 9.72 9.72 9.72 9.72 9.72 9.72 9.72 9.72 9.72 9.72 9.72 9.72 9.72 9.72 9.72 9.72 9.72 9.72 9.72 9.72 9.72 9.72 9.72 9.72 9.72 9.72 9.72 9.72 9.72 9.72 9.72 9.72 9.72 9.72 9.72
9.67 9.67 9.67 9.67 9.67 9.67 9.67 9.67 9.67 9.67 9.67 9.67 9.67 9.67 9.67 9.67 9.67 9.67 9.67 9.67 9.67 9.67 9.67 9.67 9.67 9.67 9.67 9.67 9.67 9.67 9.67 9.67 9.67 9.67 9.67 9.67 9.67 9.67 9.67 9.67 9.67 9.67 9.67 9.67 9.67 9.67 9.67 9.67 9.67 9.67 9.67 9.67 9.67 9.67 9.67 9.67 9.67 9.67 9.67 9.67 9.67 9.67 9.67 9.67 9.67 9.67 9.67 9.67 9.67 9.67 9.67 9.67 9.67 9.67 9.67 9.67 9.67
9.62 9.62 9.62 9.62 9.62 9.62 9.62 9.62 9.62 9.62 9.62 9.62 9.62 9.62 9.62 9.62 9.62 9.62 9.62 9.62 9.62 9.62 9.62 9.62 9.62 9.62 9.62 9.62 9.62 9.62 9.62 9.62 9.62 9.62 9.62 9.62 9.62 9.62 9.62 9.62 9.62 9.62 9.62 9.62 9.62 9.62 9.62 9.62 9.62 9.62 9.62 9.62 9.62 9.62 9.62 9.62 9.62 9.62 9.62 9.62 9.62 9.62 9.62 9.62 9.62 9.62 9.62 9.62 9.62 9.62 9.62 9.62 9.62 9.62 9.62 9.62 9.62
9.57 9.57 9.57 9.57 9.57 9.57 9.57 9.57 9.57 9.57 9.57 9.57 9.57 9.57 9.57 9.57 9.57 9.57 9.57 9.57 9.57 9.57 9.57 9.57 9.57 9.57 9.57 9.57 9.57 9.57 9.57 9.57 9.57 9.57 9.57 9.57 9.57 9.57 9.57 9.57 9.57 9.57 9.57 9.57 9.57 9.57 9.57 9.57 9.57 9.57 9.57 9.57 9.57 9.57 9.57 9.57 9.57 9.57 9.57 9.57 9.57 9.57 9.57 9.57 9.57 9.57 9.57 9.57 9.57 9.57 9.57 9.57 9.57 9.57 9.57 9.57 9.57
9.52 9.52 9.52 9.52 9.52 9.52 9.52 9.52 9.52 9.52 9.52 9.52 9.52 9.52 9.52 9.52 9.52 9.52 9.52 9.52 9.52 9.52 9.52 9.52 9.52 9.52 9.52 9.52 9.52 9.52 9.52 9.52 9.52 9.52 9.52 9.52 9.52 9.52 9.52 9.52 9.52 9.52 9.52 9.52 9.52 9.52 9.52 9.52 9.52 9.52 9.52 9.52 9.52 9.52 9.52 9.52 9.52 9.52 9.52 9.52 9.52 9.52 9.52 9.52 9.52 9.52 9.52 9.52 9.52 9.52 9.52 9.52 9.52 9.52 9.52 9.52 9.52
9.47 9.47 9.47 9.47 9.47 9.47 9.47 9.47 9.47 9.47 9.47 9.47 9.47 9.47 9.47 9.47 9.47 9.47 9.47 9.47 9.47 9.47 9.47 9.47 9.47 9.47 9.47 9.47 9.47 9.47 9.47 9.47 9.47 9.47 9.47 9.47 9.47 9.47 9.47 9.47 9.47 9.47 9.47 9.47 9.47 9.47 9.47 9.47 9.47 9.47 9.47 9.47 9.47 9.47 9.47 9.47 9.47 9.47 9.47 9.47 9.47 9.47 9.47 9.47 9.47 9.47 9.47 9.47 9.47 9.47 9.47 9.47 9.47 9.47 9.47 9.47 9.47
9.42 9.42 9.42 9.42 9.42 9.42 9.42 9.42 9.42 9.42 9.42 9.42 9.42 9.42 9.42 9.42 9.42 9.42 9.42 9.42 9.42 9.42 9.42 9.42 9.42 9.42 9.42 9.42 9.42 9.42 9.42 9.42 9.42 9.42 9.42 9.42 9.42 9.42 9.42 9.42 9.42 9.42 9.42 9.42 9.42 9.42 9.42 9.42 9.42 9.42 9.42 9.42 9.42 9.42 9.42 9.42 9.42 9.42 9.42 9.42 9.42 9.42 9.42 9.42 9.42 9.42 9.42 9.42 9.42 9.42 9.42 9.42 9.42 9.42 9.42 9.42 9.42
9.37 9.37 9.37 9.37 9.37 9.37 9.37 9.37 9.37 9.37 9.37 9.37 9.37 9.37 9.37 9.37 9.37 9.37 9.37 9.37 9.37 9.37 9.37 9.37 9.37 9.37 9.37 9.37 9.37 9.37 9.37 9.37 9.37 9.37 9.37 9.37 9.37 9.37 9.37 9.37 9.37 9.37 9.37 9.37 9.37 9.37 9.37 9.37 9.37 9.37 9.37 9.37 9.37 9.37 9.37 9.37 9.37 9.37 9.37 9.37 9.37 9.37 9.37 9.37 9.37 9.37 9.37 9.37 9.37 9.37 9.37 9.37 9.37 9.37 9.37 9.37 9.37
9.32 9.32 9.32 9.32 9.32 9.32 9.32 9.32 9.32 9.32 9.32 9.32 9.32 9.32 9.32 9.32 9.32 9.32 9.32 9.32 9.32 9.32 9.32 9.32 9.32 9.32 9.32 9.32 9.32 9.32 9.32 9.32 9.32 9.32 9.32 9.32 9.32 9.32 9.32 9.32 9.32 9.32 9.32 9.32 9.32 9.32 9.32 9.32 9.32 9.32 9.32 9.32 9.32 9.32 9.32 9.32 9.32 9.32 9.32 9.32 9.32 9.32 9.32 9.32 9.32 9.32 9.32 9.32 9.32 9.32 9.32 9.32 9.32 9.32 9.32 9.32 9.32
9.27 9.27 9.27 9.27 9.27 9.27 9.27 9.27 9.27 9.27 9.27 9.27 9.27 9.27 9.27 9.27 9.27 9.27 9.27 9.27 9.27 9.27 9.27 9.27 9.27 9.27 9.27 9.27 9.27 9.27 9.27 9.27 9.27 9.27 9.27 9.27 9.27 9.27 9.27 9.27 9.27 9.27 9.27 9.27 9.27 9.27 9.27 9.27 9.27 9.27 9.27 9.27 9.27 9.27 9.27 9.27 9.27 9.27 9.27 9.27 9.27 9.27 9.27 9.27 9.27 9.27 9.27 9.27 9.27 9.27 9.27 9.27 9.27 9.27 9.27 9.27 9.27
9.22 9.22 9.22 9.22 9.22 9.22 9.22 9.22 9.22 9.22 9.22 9.22 9.22 9.22 9.22 9.22 9.22 9.22 9.22 9.22 9.22 9.22 9.22 9.22 9.22 9.22 9.22 9.22 9.22 9.22 9.22 9.22 9.22 9.22 9.22 9.22 9.22 9.22 9.22 9.22 9.22 9.22 9.22 9.22 9.22 9.22 9.22 9.22 9.22 9.22 9.22 9.22 9.22 9.22 9.22 9.22 9.22 9.22 9.22 9.22 9.22 9.22 9.22 9.22 9.22 9.22 9.22 9.22 9.22 9.22 9.22 9.22 9.22 9.22 9.22 9.22 9.22
9.17 9.17 9.17 9.17 9.17 9.17 9.17 9.17 9.17 9.17 9.17 9.17 9.17 9.17 9.17 9.17 9.17 9.17 9.17 9.17 9.17 9.17 9.17 9.17 9.17 9.17 9.17 9.17 9.17 9.17 9.17 9.17 9.17 9.17 9.17 9.17 9.17 9.17 9.17 9.17 9.17 9.17 9.17 9.17 9.17 9.17 9.17 9.17 9.17 9.17 9.17 9.17 9.17 9.17 9.17 9.17 9.17 9.17 9.17 9.17 9.17 9.17 9.17 9.17 9.17 9.17 9.17 9.17 9.17 9.17 9.17 9.17 9.17 9.17 9.17 9.17 9.17
9.12 9.12 9.12 9.12 9.12 9.12 9.12 9.12 9.12 9.12 9.12 9.12 9.12 9.12 9.12 9.12 9.12 9.12 9.12 9.12 9.12 9.12 9.12 9.12 9.12 9.12 9.12 9.12 9.12 9.12 9.12 9.12 9.12 9.12 9.12 9.12 9.12 9.12 9.12 9.12 9.12 9.12 9.12 9.12 9.12 9.12 9.12 9.12 9.12 9.12 9.12 9.12 9.12 9.12 9.12 9.12 9.12 9.12 9.12 9.12 9.12 9.12 9.12 9.12 9.12 9.12 9.12 9.12 9.12 9.12 9.12 9.12 9.12 9.12 9.12 9.12 9.12
9.07 9.07 9.07 9.07 9.07 9.07 9.07 9.07 9.07 9.07 9.07 9.07 9.07 9.07 9.07 9.07 9.07 9.07 9.07 9.07 9.07 9.07 9.07 9.07 9.07 9.07 9.07 9.07 9.07 9.07 9.07 9.07 9.07 9.07 9.07 9.07 9.07 9.07 9.07 9.07 9.07 9.07 9.07 9.07 9.07 9.07 9.07 9.07 9.07 9.07 9.07 9.07 9.07 9.07 9.07 9.07 9.07 9.07 9.07 9.07 9.07 9.07 9.07 9.07 9.07 9.07 9.07 9.07 9.07 9.07 9.07 9.07 9.07 9.07 9.07 9.07 9.07
9.02 9.02 9.02 9.02 9.02 9.02 9.02 9.02 9.02 9.02 9.02 9.02 9.02 9.02 9.02 9.02 9.02 9.02 9.02 9.02 9.02 9.02 9.02 9.02 9.02 9.02 9.02 9.02 9.02 9.02 9.02 9.02 9.02 9.02 9.02 9.02 9.02 9.02 9.02 9.02 9.02 9.02 9.02 9.02 9.02 9.02 9.02 9.02 9.02 9.02 9.02 9.02 9.02 9.02 9.02 9.02 9.02 9.02 9.02 9.02 9.02 9.02 9.02 9.02 9.02 9.02 9.02 9.02 9.02 9.02 9.02 9.02 9.02 9.02 9.02 9.02 9.02
8.97 8.97 8.97 8.97 8.97 8.97 8.97 8.97 8.97 8.97 8.97 8.97 8.97 8.97 8.97 8.97 8.97 8.97 8.97 8.97 8.97 8.97 8.97 8.97 8.97 8.97 8.97 8.97 8.97 8.97 8.97 8.97 8.97 8.97 8.97 8.97 8.97 8.97 8.97 8.97 8.97 8.97 8.97 8.97 8.97 8.97 8.97 8.97 8.97 8.97 8.97 8.97 8.97 8.97 8.97 8.97 8.97 8.97 8.97 8.97 8.97 8.97 8.97 8.97 8.97 8.97 8.97 8.97 8.97 8.97 8.97 8.97 8.97 8.97 8.97 8.97 8.97
8.92 8.92 8.92 8.92 8.92 8.92 8.92 8.92 8.92 8.92 8.92 8.92 8.92 8.92 8.92 8.92 8.92 8.92 8.92 8.92 8.92 8.92 8.92 8.92 8.92 8.92 8.92 8.92 8.92 8.92 8.92 8.92 8.92 8.92 8.92 8.92 8.92 8.92 8.92 8.92 8.92 8.92 8.92 8.92 8.92 8.92 8.92 8.92 8.92 8.92 8.92 8.92 8.92 8.92 8.92 8.92 8.92 8.92 8.92 8.92 8.92 8.92 8.92 8.92 8.92 8.92 8.92 8.92 8.92 8.92 8.92 8.92 8.92 8.92 8.92 8.92 8.92
8.87 8.87 8.87 8.87 8.87 8.87 8.87 8.87 8.87 8.87 8.87 8.87 8.87 8.87 8.87 8.87 8.87 8.87 8.87 8.87 8.87 8.87 8.87 8.87 8.87 8.87 8.87 8.87 8.87 8.87 8.87 8.87 8.87 8.87 8.87 8.87 8.87 8.87 8.87 8.87 8.87 8.87 8.87 8.87 8.87 8.87 8.87 8.87 8.87 8.87 8.87 8.87 8.87 8.87 8.87 8.87 8.87 8.87 8.87 8.87 8.87 8.87 8.87 8.87 8.87 8.87 8.87 8.87 8.87 8.87 8.87 8.87 8.87 8.87 8.87 8.87 8.87
8.82 8.82 8.82 8.82 8.82 8.82 8.82 8.82 8.82 8.82 8.82 8.82 8.82 8.82 8.82 8.82 8.82 8.82 8.82 8.82 8.82 8.82 8.82 8.82 8.82 8.82 8.82 8.82 8.82 8.82 8.82 8.82 8.82 8.82 8.82 8.82 8.82 8.82 8.82 8.82 8.82 8.82 8.82 8.82 8.82 8.82 8.82 8.82 8.82 8.82 8.82 8.82 8.82 8.82 8.82 8.82 8.82 8.82 8.82 8.82 8.82 8.82 8.82 8.82 8.82 8.82 8.82 8.82 8.82 8.82 8.82 8.82 8.82 8.82 8.82 8.82 8.82
8.77 8.77 8.77 8.77 8.77 8.77 8.77 8.77 8.77 8.77 8.77 8.77 8.77 8.77 8.77 8.77 8.77 8.77 8.77 8.77 8.77 8.77 8.77 8.77 8.77 8.77 8.77 8.77 8.77 8.77 8.77 8.77 8.77 8.77 8.77 8.77 8.77 8.77 8.77 8.77 8.77 8.77 8.77 8.77 8.77 8.77 8.77 8.77 8.77 8.77 8.77 8.77 8.77 8.77 8.77 8.77 8.77 8.77 8.77 8.77 8.77 8.77 8.77 8.77 8.77 8.77 8.77 8.77 8.77 8.77 8.77 8.77 8.77 8.77 8.77 8.77 8.77
8.72 8.72 8.72 8.72 8.72 8.72 8.72 8.72 8.72 8.72 8.72 8.72 8.72 8.72 8.72 8.72 8.72 8.72 8.72 8.72 8.72 8.72 8.72 8.72 8.72 8.72 8.72 8.72 8.72 8.72 8.72 8.72 8.72 8.72 8.72 8.72 8.72 8.72 8.72 8.72 8.72 8.72 8.72 8.72 8.72 8.72 8.72 8.72 8.72 8.72 8.72 8.72 8.72 8.72 8.72 8.72 8.72 8.72 8.72 8.72 8.72 8.72 8.72 8.72 8.72 8.72 8.72 8.72 8.72 8.72 8.72 8.72 8.72 8.72 8.72 8.72 8.72
8.67 8.67 8.67 8.67 8.67 8.67 8.67 8.67 8.67 8.67 8.67 8.67 8.67 8.67 8.67 8.67 8.67 8.67 8.67 8.67 8.67 8.67 8.67 8.67 8.67 8.67 8.67 8.67 8.67 8.67 8.67 8.67 8.67 8.67 8.67 8.67 8.67 8.67 8.67 8.67 8.67 8.67 8.67 8.67 8.67 8.67 8.67 8.67 8.67 8.67 8.67 8.67 8.67 8.67 8.67 8.67 8.67 8.67 8.67 8.67 8.67 8.67 8.67 8.67 8.67 8.67 8.67 8.67 8.67 8.67 8.67 8.67 8.67 8.67 8.67 8.67 8.67
8.62 8.62 8.62 8.62 8.62 8.62 8.62 8.62 8.62 8.62 8.62 8.62 8.62 8.62 8.62 8.62 8.62 8.62 8.62 8.62 8.62 8.62 8.62 8.62 8.62 8.62 8.62 8.62 8.62 8.62 8.62 8.62 8.62 8.62 8.62 8.62 8.62 8.62 8.62 8.62 8.62 8.62 8.62 8.62 8.62 8.62 8.62 8.62 8.62 8.62 8.62 8.62 8.62 8.62 8.62 8.62 8.62 8.62 8.62 8.62 8.62 8.62 8.62 8.62 8.62 8.62 8.62 8.62 8.62 8.62 8.62 8.62 8.62 8.62 8.62 8.62 8.62
8.57 8.57 8.57 8.57 8.57 8.57 8.57 8.57 8.57 8.57 8.57 8.57 8.57 8.57 8.57 8.57 8.57 8.57 8.57 8.57 8.57 8.57 8.57 8.57 8.57 8.57 8.57 8.57 8.57 8.57 8.57 8.57 8.57 8.57 8.57 8.57 8.57 8.57 8.57 8.57 8.57 8.57 8.57 8.57 8.57 8.57 8.57 8.57 8.57 8.57 8.57 8.57 8.57 8.57 8.57 8.57 8.57 8.57 8.57 8.57 8.57 8.57 8.57 8.57 8.57 8.57 8.57 8.57 8.57 8.57 8.57 8.57 8.57 8.57 8.57 8.57 8.57
8.52 8.52 8.52 8.52 8.52 8.52 8.52 8.52 8.52 8.52 8.52 8.52 8.52 8.52 8.52 8.52 8.52 8.52 8.52 8.52 8.52 8.52 8.52 8.52 8.52 8.52 8.52 8.52 8.52 8.52 8.52 8.52 8.52 8.52 8.52 8.52 8.52 8.52 8.52 8.52 8.52 8.52 8.52 8.52 8.52 8.52 8.52 8.52 8.52 8.52 8.52 8.52 8.52 8.52 8.52 8.52 8.52 8.52 8.52 8.52 8.52 8.52 8.52 8.52 8.52 8.52 8.52 8.52 8.52 8.52 8.52 8.52 8.52 8.52 8.52 8.52 8.52
