InputData/Validation/Problem3/Slide1/dem.asc
ncols 	 450 
nrows 	 450 
xllcorner 	 0.00 
yllcorner 	 0.00 
cellsize 	 0.10 
NODATA_value 	 -9999 
[rows 204 to 237 of 450, columns 231 to 307 of 450]
15.27 15.27 15.27 15.27 15.27 15.27 15.27 15.27 15.27 15.27 15.27 15.27 15.27 15.27 15.27 15.27 15.27 15.27 15.27 15.27 15.27 15.27 15.27 15.27 15.27 15.27 15.27 15.27 15.27 15.27 15.27 15.27 15.27 15.27 15.27 15.27 15.27 15.27 15.27 15.27 15.27 15.27 15.27 15.27 15.27 15.27 15.27 15.27 15.27 15.27 15.27 15.27 15.27 15.27 15.27 15.27 15.27 15.27 15.27 15.27 15.27 15.27 15.27 15.27 15.27 15.27 15.27 15.27 15.27 15.27 15.27 15.27 15.27 15.27 15.27 15.27 15.27
15.22 15.22 15.22 15.22 15.22 15.22 15.22 15.22 15.22 15.22 15.22 15.22 15.22 15.22 15.22 15.22 15.22 15.22 15.22 15.22 15.22 15.22 15.22 15.22 15.22 15.22 15.22 15.22 15.22 15.22 15.22 15.22 15.22 15.22 15.22 15.22 15.22 15.22 15.22 15.22 15.22 15.22 15.22 15.22 15.22 15.22 15.22 15.22 15.22 15.22 15.22 15.22 15.22 15.22 15.22 15.22 15.22 15.22 15.22 15.22 15.22 15.22 15.22 15.22 15.22 15.22 15.22 15.22 15.22 15.22 15.22 15.22 15.22 15.22 15.22 15.22 15.22
15.17 15.17 15.17 15.17 15.17 15.17 15.17 15.17 15.17 15.17 15.17 15.17 15.17 15.17 15.17 15.17 15.17 15.17 15.17 15.17 15.17 15.17 15.17 15.17 15.17 15.17 15.17 15.17 15.17 15.17 15.17 15.17 15.17 15.17 15.17 15.17 15.17 15.17 15.17 15.17 15.17 15.17 15.17 15.17 15.17 15.17 15.17 15.17 15.17 15.17 15.17 15.17 15.17 15.17 15.17 15.17 15.17 15.17 15.17 15.17 15.17 15.17 15.17 15.17 15.17 15.17 15.17 15.17 15.17 15.17 15.17 15.17 15.17 15.17 15.17 15.17 15.17
15.12 15.12 15.12 15.12 15.12 15.12 15.12 15.12 15.12 15.12 15.12 15.12 15.12 15.12 15.12 15.12 15.12 15.12 15.12 15.12 15.12 15.12 15.12 15.12 15.12 15.12 15.12 15.12 15.12 15.12 15.12 15.12 15.12 15.12 15.12 15.12 15.12 15.12 15.12 15.12 15.12 15.12 15.12 15.12 15.12 15.12 15.12 15.12 15.12 15.12 15.12 15.12 15.12 15.12 15.12 15.12 15.12 15.12 15.12 15.12 15.12 15.12 15.12 15.12 15.12 15.12 15.12 15.12 15.12 15.12 15.12 15.12 15.12 15.12 15.12 15.12 15.12
15.07 15.07 15.07 15.07 15.07 15.07 15.07 15.07 15.07 15.07 15.07 15.07 15.07 15.07 15.07 15.07 15.07 15.07 15.07 15.07 15.07 15.07 15.07 15.07 15.07 15.07 15.07 15.07 15.07 15.07 15.07 15.07 15.07 15.07 15.07 15.07 15.07 15.07 15.07 15.07 15.07 15.07 15.07 15.07 15.07 15.07 15.07 15.07 15.07 15.07 15.07 15.07 15.07 15.07 15.07 15.07 15.07 15.07 15.07 15.07 15.07 15.07 15.07 15.07 15.07 15.07 15.07 15.07 15.07 15.07 15.07 15.07 15.07 15.07 15.07 15.07 15.07
15.02 15.02 15.02 15.02 15.02 15.02 15.02 15.02 15.02 15.02 15.02 15.02 15.02 15.02 15.02 15.02 15.02 15.02 15.02 15.02 15.02 15.02 15.02 15.02 15.02 15.02 15.02 15.02 15.02 15.02 15.02 15.02 15.02 15.02 15.02 15.02 15.02 15.02 15.02 15.02 15.02 15.02 15.02 15.02 15.02 15.02 15.02 15.02 15.02 15.02 15.02 15.02 15.02 15.02 15.02 15.02 15.02 15.02 15.02 15.02 15.02 15.02 15.02 15.02 15.02 15.02 15.02 15.02 15.02 15.02 15.02 15.02 15.02 15.02 15.02 15.02 15.02
14.97 14.97 14.97 14.97 14.97 14.97 14.97 14.97 14.97 14.97 14.97 14.97 14.97 14.97 14.97 14.97 14.97 14.97 14.97 14.97 14.97 14.97 14.97 14.97 14.97 14.97 14.97 14.97 14.97 14.97 14.97 14.97 14.97 14.97 14.97 14.97 14.97 14.97 14.97 14.97 14.97 14.97 14.97 14.97 14.97 14.97 14.97 14.97 14.97 14.97 14.97 14.97 14.97 14.97 14.97 14.97 14.97 14.97 14.97 14.97 14.97 14.97 14.97 14.97 14.97 14.97 14.97 14.97 14.97 14.97 14.97 14.97 14.97 14.97 14.97 14.97 14.97
14.92 14.92 14.92 14.92 14.92 14.92 14.92 14.92 14.92 14.92 14.92 14.92 14.92 14.92 14.92 14.92 14.92 14.92 14.92 14.92 14.92 14.92 14.92 14.92 14.92 14.92 14.92 14.92 14.92 14.92 14.92 14.92 14.92 14.92 14.92 14.92 14.92 14.92 14.92 14.92 14.92 14.92 14.92 14.92 14.92 14.92 14.92 14.92 14.92 14.92 14.92 14.92 14.92 14.92 14.92 14.92 14.92 14.92 14.92 14.92 14.92 14.92 14.92 14.92 14.92 14.92 14.92 14.92 14.92 14.92 14.92 14.92 14.92 14.92 14.92 14.92 14.92
14.87 14.87 14.87 14.87 14.87 14.87 14.87 14.87 14.87 14.87 14.87 14.87 14.87 14.87 14.87 14.87 14.87 14.87 14.87 14.87 14.87 14.87 14.87 14.87 14.87 14.87 14.87 14.87 14.87 14.87 14.87 14.87 14.87 14.87 14.87 14.87 14.87 14.87 14.87 14.87 14.87 14.87 14.87 14.87 14.87 14.87 14.87 14.87 14.87 14.87 14.87 14.87 14.87 14.87 14.87 14.87 14.87 14.87 14.87 14.87 14.87 14.87 14.87 14.87 14.87 14.87 14.87 14.87 14.87 14.87 14.87 14.87 14.87 14.87 14.87 14.87 14.87
14.82 14.82 14.82 14.82 14.82 14.82 14.82 14.82 14.82 14.82 14.82 14.82 14.82 14.82 14.82 14.82 14.82 14.82 14.82 14.82 14.82 14.82 14.82 14.82 14.82 14.82 14.82 14.82 14.82 14.82 14.82 14.82 14.82 14.82 14.82 14.82 14.82 14.82 14.82 14.82 14.82 14.82 14.82 14.82 14.82 14.82 14.82 14.82 14.82 14.82 14.82 14.82 14.82 14.82 14.82 14.82 14.82 14.82 14.82 14.82 14.82 14.82 14.82 14.82 14.82 14.82 14.82 14.82 14.82 14.82 14.82 14.82 14.82 14.82 14.82 14.82 14.82
14.77 14.77 14.77 14.77 14.77 14.77 14.77 14.77 14.77 14.77 14.77 14.77 14.77 14.77 14.77 14.77 14.77 14.77 14.77 14.77 14.77 14.77 14.77 14.77 14.77 14.77 14.77 14.77 14.77 14.77 14.77 14.77 14.77 14.77 14.77 14.77 14.77 14.77 14.77 14.77 14.77 14.77 14.77 14.77 14.77 14.77 14.77 14.77 14.77 14.77 14.77 14.77 14.77 14.77 14.77 14.77 14.77 14.77 14.77 14.77 14.77 14.77 14.77 14.77 14.77 14.77 14.77 14.77 14.77 14.77 14.77 14.77 14.77 14.77 14.77 14.77 14.77
14.72 14.72 14.72 14.72 14.72 14.72 14.72 14.72 14.72 14.72 14.72 14.72 14.72 14.72 14.72 14.72 14.72 14.72 14.72 14.72 14.72 14.72 14.72 14.72 14.72 14.72 14.72 14.72 14.72 14.72 14.72 14.72 14.72 14.72 14.72 14.72 14.72 14.72 14.72 14.72 14.72 14.72 14.72 14.72 14.72 14.72 14.72 14.72 14.72 14.72 14.72 14.72 14.72 14.72 14.72 14.72 14.72 14.72 14.72 14.72 14.72 14.72 14.72 14.72 14.72 14.72 14.72 14.72 14.72 14.72 14.72 14.72 14.72 14.72 14.72 14.72 14.72
14.67 14.67 14.67 14.67 14.67 14.67 14.67 14.67 14.67 14.67 14.67 14.67 14.67 14.67 14.67 14.67 14.67 14.67 14.67 14.67 14.67 14.67 14.67 14.67 14.67 14.67 14.67 14.67 14.67 14.67 14.67 14.67 14.67 14.67 14.67 14.67 14.67 14.67 14.67 14.67 14.67 14.67 14.67 14.67 14.67 14.67 14.67 14.67 14.67 14.67 14.67 14.67 14.67 14.67 14.67 14.67 14.67 14.67 14.67 14.67 14.67 14.67 14.67 14.67 14.67 14.67 14.67 14.67 14.67 14.67 14.67 14.67 14.67 14.67 14.67 14.67 14.67
14.62 14.62 14.62 14.62 14.62 14.62 14.62 14.62 14.62 14.62 14.62 14.62 14.62 14.62 14.62 14.62 14.62 14.62 14.62 14.62 14.62 14.62 14.62 14.62 14.62 14.62 14.62 14.62 14.62 14.62 14.62 14.62 14.62 14.62 14.62 14.62 14.62 14.62 14.62 14.62 14.62 14.62 14.62 14.62 14.62 14.62 14.62 14.62 14.62 14.62 14.62 14.62 14.62 14.62 14.62 14.62 14.62 14.62 14.62 14.62 14.62 14.62 14.62 14.62 14.62 14.62 14.62 14.62 14.62 14.62 14.62 14.62 14.62 14.62 14.62 14.62 14.62
14.57 14.57 14.57 14.57 14.57 14.57 14.57 14.57 14.57 14.57 14.57 14.57 14.57 14.57 14.57 14.57 14.57 14.57 14.57 14.57 14.57 14.57 14.57 14.57 14.57 14.57 14.57 14.57 14.57 14.57 14.57 14.57 14.57 14.57 14.57 14.57 14.57 14.57 14.57 14.57 14.57 14.57 14.57 14.57 14.57 14.57 14.57 14.57 14.57 14.57 14.57 14.57 14.57 14.57 14.57 14.57 14.57 14.57 14.57 14.57 14.57 14.57 14.57 14.57 14.57 14.57 14.57 14.57 14.57 14.57 14.57 14.57 14.57 14.57 14.57 14.57 14.57
14.52 14.52 14.52 14.52 14.52 14.52 14.52 14.52 14.52 14.52 14.52 14.52 14.52 14.52 14.52 14.52 14.52 14.52 14.52 14.52 14.52 14.52 14.52 14.52 14.52 14.52 14.52 14.52 14.52 14.52 14.52 14.52 14.52 14.52 14.52 14.52 14.52 14.52 14.52 14.52 14.52 14.52 14.52 14.52 14.52 14.52 14.52 14.52 14.52 14.52 14.52 14.52 14.52 14.52 14.52 14.52 14.52 14.52 14.52 14.52 14.52 14.52 14.52 14.52 14.52 14.52 14.52 14.52 14.52 14.52 14.52 14.52 14.52 14.52 14.52 14.52 14.52
14.47 14.47 14.47 14.47 14.47 14.47 14.47 14.47 14.47 14.47 14.47 14.47 14.47 14.47 14.47 14.47 14.47 14.47 14.47 14.47 14.47 14.47 14.47 14.47 14.47 14.47 14.47 14.47 14.47 14.47 14.47 14.47 14.47 14.47 14.47 14.47 14.47 14.47 14.47 14.47 14.47 14.47 14.47 14.47 14.47 14.47 14.47 14.47 14.47 14.47 14.47 14.47 14.47 14.47 14.47 14.47 14.47 14.47 14.47 14.47 14.47 14.47 14.47 14.47 14.47 14.47 14.47 14.47 14.47 14.47 14.47 14.47 14.47 14.47 14.47 14.47 14.47
14.42 14.42 14.42 14.42 14.42 14.42 14.42 14.42 14.42 14.42 14.42 14.42 14.42 14.42 14.42 14.42 14.42 14.42 14.42 14.42 14.42 14.42 14.42 14.42 14.42 14.42 14.42 14.42 14.42 14.42 14.42 14.42 14.42 14.42 14.42 14.42 14.42 14.42 14.42 14.42 14.42 14.42 14.42 14.42 14.42 14.42 14.42 14.42 14.42 14.42 14.42 14.42 14.42 14.42 14.42 14.42 14.42 14.42 14.42 14.42 14.42 14.42 14.42 14.42 14.42 14.42 14.42 14.42 14.42 14.42 14.42 14.42 14.42 14.42 14.42 14.42 14.42
14.37 14.37 14.37 14.37 14.37 14.37 14.37 14.37 14.37 14.37 14.37 14.37 14.37 14.37 14.37 14.37 14.37 14.37 14.37 14.37 14.37 14.37 14.37 14.37 14.37 14.37 14.37 14.37 14.37 14.37 14.37 14.37 14.37 14.37 14.37 14.37 14.37 14.37 14.37 14.37 14.37 14.37 14.37 14.37 14.37 14.37 14.37 14.37 14.37 14.37 14.37 14.37 14.37 14.37 14.37 14.37 14.37 14.37 14.37 14.37 14.37 14.37 14.37 14.37 14.37 14.37 14.37 14.37 14.37 14.37 14.37 14.37 14.37 14.37 14.37 14.37 14.37
14.32 14.32 14.32 14.32 14.32 14.32 14.32 14.32 14.32 14.32 14.32 14.32 14.32 14.32 14.32 14.32 14.32 14.32 14.32 14.32 14.32 14.32 14.32 14.32 14.32 14.32 14.32 14.32 14.32 14.32 14.32 14.32 14.32 14.32 14.32 14.32 14.32 14.32 14.32 14.32 14.32 14.32 14.32 14.32 14.32 14.32 14.32 14.32 14.32 14.32 14.32 14.32 14.32 14.32 14.32 14.32 14.32 14.32 14.32 14.32 14.32 14.32 14.32 14.32 14.32 14.32 14.32 14.32 14.32 14.32 14.32 14.32 14.32 14.32 14.32 14.32 14.32
14.27 14.27 14.27 14.27 14.27 14.27 14.27 14.27 14.27 14.27 14.27 14.27 14.27 14.27 14.27 14.27 14.27 14.27 14.27 14.27 14.27 14.27 14.27 14.27 14.27 14.27 14.27 14.27 14.27 14.27 14.27 14.27 14.27 14.27 14.27 14.27 14.27 14.27 14.27 14.27 14.27 14.27 14.27 14.27 14.27 14.27 14.27 14.27 14.27 14.27 14.27 14.27 14.27 14.27 14.27 14.27 14.27 14.27 14.27 14.27 14.27 14.27 14.27 14.27 14.27 14.27 14.27 14.27 14.27 14.27 14.27 14.27 14.27 14.27 14.27 14.27 14.27
14.22 14.22 14.22 14.22 14.22 14.22 14.22 14.22 14.22 14.22 14.22 14.22 14.22 14.22 14.22 14.22 14.22 14.22 14.22 14.22 14.22 14.22 14.22 14.22 14.22 14.22 14.22 14.22 14.22 14.22 14.22 14.22 14.22 14.22 14.22 14.22 14.22 14.22 14.22 14.22 14.22 14.22 14.22 14.22 14.22 14.22 14.22 14.22 14.22 14.22 14.22 14.22 14.22 14.22 14.22 14.22 14.22 14.22 14.22 14.22 14.22 14.22 14.22 14.22 14.22 14.22 14.22 14.22 14.22 14.22 14.22 14.22 14.22 14.22 14.22 14.22 14.22
14.17 14.17 14.17 14.17 14.17 14.17 14.17 14.17 14.17 14.17 14.17 14.17 14.17 14.17 14.17 14.17 14.17 14.17 14.17 14.17 14.17 14.17 14.17 14.17 14.17 14.17 14.17 14.17 14.17 14.17 14.17 14.17 14.17 14.17 14.17 14.17 14.17 14.17 14.17 14.17 14.17 14.17 14.17 14.17 14.17 14.17 14.17 14.17 14.17 14.17 14.17 14.17 14.17 14.17 14.17 14.17 14.17 14.17 14.17 14.17 14.17 14.17 14.17 14.17 14.17 14.17 14.17 14.17 14.17 14.17 14.17 14.17 14.17 14.17 14.17 14.17 14.17
14.12 14.12 14.12 14.12 14.12 14.12 14.12 14.12 14.12 14.12 14.12 14.12 14.12 14.12 14.12 14.12 14.12 14.12 14.12 14.12 14.12 14.12 14.12 14.12 14.12 14.12 14.12 14.12 14.12 14.12 14.12 14.12 14.12 14.12 14.12 14.12 14.12 14.12 14.12 14.12 14.12 14.12 14.12 14.12 14.12 14.12 14.12 14.12 14.12 14.12 14.12 14.12 14.12 14.12 14.12 14.12 14.12 14.12 14.12 14.12 14.12 14.12 14.12 14.12 14.12 14.12 14.12 14.12 14.12 14.12 14.12 14.12 14.12 14.12 14.12 14.12 14.12
14.07 14.07 14.07 14.07 14.07 14.07 14.07 14.07 14.07 14.07 14.07 14.07 14.07 14.07 14.07 14.07 14.07 14.07 14.07 14.07 14.07 14.07 14.07 14.07 14.07 14.07 14.07 14.07 14.07 14.07 14.07 14.07 14.07 14.07 14.07 14.07 14.07 14.07 14.07 14.07 14.07 14.07 14.07 14.07 14.07 14.07 14.07 14.07 14.07 14.07 14.07 14.07 14.07 14.07 14.07 14.07 14.07 14.07 14.07 14.07 14.07 14.07 14.07 14.07 14.07 14.07 14.07 14.07 14.07 14.07 14.07 14.07 14.07 14.07 14.07 14.07 14.07
14.02 14.02 14.02 14.02 14.02 14.02 14.02 14.02 14.02 14.02 14.02 14.02 14.02 14.02 14.02 14.02 14.02 14.02 14.02 14.02 14.02 14.02 14.02 14.02 14.02 14.02 14.02 14.02 14.02 14.02 14.02 14.02 14.02 14.02 14.02 14.02 14.02 14.02 14.02 14.02 14.02 14.02 14.02 14.02 14.02 14.02 14.02 14.02 14.02 14.02 14.02 14.02 14.02 14.02 14.02 14.02 14.02 14.02 14.02 14.02 14.02 14.02 14.02 14.02 14.02 14.02 14.02 14.02 14.02 14.02 14.02 14.02 14.02 14.02 14.02 14.02 14.02
13.97 13.97 13.97 13.97 13.97 13.97 13.97 13.97 13.97 13.97 13.97 13.97 13.97 13.97 13.97 13.97 13.97 13.97 13.97 13.97 13.97 13.97 13.97 13.97 13.97 13.97 13.97 13.97 13.97 13.97 13.97 13.97 13.97 13.97 13.97 13.97 13.97 13.97 13.97 13.97 13.97 13.97 13.97 13.97 13.97 13.97 13.97 13.97 13.97 13.97 13.97 13.97 13.97 13.97 13.97 13.97 13.97 13.97 13.97 13.97 13.97 13.97 13.97 13.97 13.97 13.97 13.97 13.97 13.97 13.97 13.97 13.97 13.97 13.97 13.97 13.97 13.97
13.92 13.92 13.92 13.92 13.92 13.92 13.92 13.92 13.92 13.92 13.92 13.92 13.92 13.92 13.92 13.92 13.92 13.92 13.92 13.92 13.92 13.92 13.92 13.92 13.92 13.92 13.92 13.92 13.92 13.92 13.92 13.92 13.92 13.92 13.92 13.92 13.92 13.92 13.92 13.92 13.92 13.92 13.92 13.92 13.92 13.92 13.92 13.92 13.92 13.92 13.92 13.92 13.92 13.92 13.92 13.92 13.92 13.92 13.92 13.92 13.92 13.92 13.92 13.92 13.92 13.92 13.92 13.92 13.92 13.92 13.92 13.92 13.92 13.92 13.92 13.92 13.92
13.87 13.87 13.87 13.87 13.87 13.87 13.87 13.87 13.87 13.87 13.87 13.87 13.87 13.87 13.87 13.87 13.87 13.87 13.87 13.87 13.87 13.87 13.87 13.87 13.87 13.87 13.87 13.87 13.87 13.87 13.87 13.87 13.87 13.87 13.87 13.87 13.87 13.87 13.87 13.87 13.87 13.87 13.87 13.87 13.87 13.87 13.87 13.87 13.87 13.87 13.87 13.87 13.87 13.87 13.87 13.87 13.87 13.87 13.87 13.87 13.87 13.87 13.87 13.87 13.87 13.87 13.87 13.87 13.87 13.87 13.87 13.87 13.87 13.87 13.87 13.87 13.87
13.82 13.82 13.82 13.82 13.82 13.82 13.82 13.82 13.82 13.82 13.82 13.82 13.82 13.82 13.82 13.82 13.82 13.82 13.82 13.82 13.82 13.82 13.82 13.82 13.82 13.82 13.82 13.82 13.82 13.82 13.82 13.82 13.82 13.82 13.82 13.82 13.82 13.82 13.82 13.82 13.82 13.82 13.82 13.82 13.82 13.82 13.82 13.82 13.82 13.82 13.82 13.82 13.82 13.82 13.82 13.82 13.82 13.82 13.82 13.82 13.82 13.82 13.82 13.82 13.82 13.82 13.82 13.82 13.82 13.82 13.82 13.82 13.82 13.82 13.82 13.82 13.82
13.77 13.77 13.77 13.77 13.77 13.77 13.77 13.77 13.77 13.77 13.77 13.77 13.77 13.77 13.77 13.77 13.77 13.77 13.77 13.77 13.77 13.77 13.77 13.77 13.77 13.77 13.77 13.77 13.77 13.77 13.77 13.77 13.77 13.77 13.77 13.77 13.77 13.77 13.77 13.77 13.77 13.77 13.77 13.77 13.77 13.77 13.77 13.77 13.77 13.77 13.77 13.77 13.77 13.77 13.77 13.77 13.77 13.77 13.77 13.77 13.77 13.77 13.77 13.77 13.77 13.77 13.77 13.77 13.77 13.77 13.77 13.77 13.77 13.77 13.77 13.77 13.77
13.72 13.72 13.72 13.72 13.72 13.72 13.72 13.72 13.72 13.72 13.72 13.72 13.72 13.72 13.72 13.72 13.72 13.72 13.72 13.72 13.72 13.72 13.72 13.72 13.72 13.72 13.72 13.72 13.72 13.72 13.72 13.72 13.72 13.72 13.72 13.72 13.72 13.72 13.72 13.72 13.72 13.72 13.72 13.72 13.72 13.72 13.72 13.72 13.72 13.72 13.72 13.72 13.72 13.72 13.72 13.72 13.72 13.72 13.72 13.72 13.72 13.72 13.72 13.72 13.72 13.72 13.72 13.72 13.72 13.72 13.72 13.72 13.72 13.72 13.72 13.72 13.72
13.67 13.67 13.67 13.67 13.67 13.67 13.67 13.67 13.67 13.67 13.67 13.67 13.67 13.67 13.67 13.67 13.67 13.67 13.67 13.67 13.67 13.67 13.67 13.67 13.67 13.67 13.67 13.67 13.67 13.67 13.67 13.67 13.67 13.67 13.67 13.67 13.67 13.67 13.67 13.67 13.67 13.67 13.67 13.67 13.67 13.67 13.67 13.67 13.67 13.67 13.67 13.67 13.67 13.67 13.67 13.67 13.67 13.67 13.67 13.67 13.67 13.67 13.67 13.67 13.67 13.67 13.67 13.67 13.67 13.67 13.67 13.67 13.67 13.67 13.67 13.67 13.67
13.62 13.62 13.62 13.62 13.62 13.62 13.62 13.62 13.62 13.62 13.62 13.62 13.62 13.62 13.62 13.62 13.62 13.62 13.62 13.62 13.62 13.62 13.62 13.62 13.62 13.62 13.62 13.62 13.62 13.62 13.62 13.62 13.62 13.62 13.62 13.62 13.62 13.62 13.62 13.62 13.62 13.62 13.62 13.62 13.62 13.62 13.62 13.62 13.62 13.62 13.62 13.62 13.62 13.62 13.62 13.62 13.62 13.62 13.62 13.62 13.62 13.62 13.62 13.62 13.62 13.62 13.62 13.62 13.62 13.62 13.62 13.62 13.62 13.62 13.62 13.62 13.62
