InputData/Validation/Problem3/Slide1/dem.asc
ncols 	 450 
nrows 	 450 
xllcorner 	 0.00 
yllcorner 	 0.00 
cellsize 	 0.10 
NODATA_value 	 -9999 
[rows 272 to 305 of 450, columns 231 to 307 of 450]
11.87 11.87 11.87 11.87 11.87 11.87 11.87 11.87 11.87 11.87 11.87 11.87 11.87 11.87 11.87 11.87 11.87 11.87 11.87 11.87 11.87 11.87 11.87 11.87 11.87 11.87 11.87 11.87 11.87 11.87 11.87 11.87 11.87 11.87 11.87 11.87 11.87 11.87 11.87 11.87 11.87 11.87 11.87 11.87 11.87 11.87 11.87 11.87 11.87 11.87 11.87 11.87 11.87 11.87 11.87 11.87 11.87 11.87 11.87 11.87 11.87 11.87 11.87 11.87 11.87 11.87 11.87 11.87 11.87 11.87 11.87 11.87 11.87 11.87 11.87 11.87 11.87
11.82 11.82 11.82 11.82 11.82 11.82 11.82 11.82 11.82 11.82 11.82 11.82 11.82 11.82 11.82 11.82 11.82 11.82 11.82 11.82 11.82 11.82 11.82 11.82 11.82 11.82 11.82 11.82 11.82 11.82 11.82 11.82 11.82 11.82 11.82 11.82 11.82 11.82 11.82 11.82 11.82 11.82 11.82 11.82 11.82 11.82 11.82 11.82 11.82 11.82 11.82 11.82 11.82 11.82 11.82 11.82 11.82 11.82 11.82 11.82 11.82 11.82 11.82 11.82 11.82 11.82 11.82 11.82 11.82 11.82 11.82 11.82 11.82 11.82 11.82 11.82 11.82
11.77 11.77 11.77 11.77 11.77 11.77 11.77 11.77 11.77 11.77 11.77 11.77 11.77 11.77 11.77 11.77 11.77 11.77 11.77 11.77 11.77 11.77 11.77 11.77 11.77 11.77 11.77 11.77 11.77 11.77 11.77 11.77 11.77 11.77 11.77 11.77 11.77 11.77 11.77 11.77 11.77 11.77 11.77 11.77 11.77 11.77 11.77 11.77 11.77 11.77 11.77 11.77 11.77 11.77 11.77 11.77 11.77 11.77 11.77 11.77 11.77 11.77 11.77 11.77 11.77 11.77 11.77 11.77 11.77 11.77 11.77 11.77 11.77 11.77 11.77 11.77 11.77
11.72 11.72 11.72 11.72 11.72 11.72 11.72 11.72 11.72 11.72 11.72 11.72 11.72 11.72 11.72 11.72 11.72 11.72 11.72 11.72 11.72 11.72 11.72 11.72 11.72 11.72 11.72 11.72 11.72 11.72 11.72 11.72 11.72 11.72 11.72 11.72 11.72 11.72 11.72 11.72 11.72 11.72 11.72 11.72 11.72 11.72 11.72 11.72 11.72 11.72 11.72 11.72 11.72 11.72 11.72 11.72 11.72 11.72 11.72 11.72 11.72 11.72 11.72 11.72 11.72 11.72 11.72 11.72 11.72 11.72 11.72 11.72 11.72 11.72 11.72 11.72 11.72
11.67 11.67 11.67 11.67 11.67 11.67 11.67 11.67 11.67 11.67 11.67 11.67 11.67 11.67 11.67 11.67 11.67 11.67 11.67 11.67 11.67 11.67 11.67 11.67 11.67 11.67 11.67 11.67 11.67 11.67 11.67 11.67 11.67 11.67 11.67 11.67 11.67 11.67 11.67 11.67 11.67 11.67 11.67 11.67 11.67 11.67 11.67 11.67 11.67 11.67 11.67 11.67 11.67 11.67 11.67 11.67 11.67 11.67 11.67 11.67 11.67 11.67 11.67 11.67 11.67 11.67 11.67 11.67 11.67 11.67 11.67 11.67 11.67 11.67 11.67 11.67 11.67
11.62 11.62 11.62 11.62 11.62 11.62 11.62 11.62 11.62 11.62 11.62 11.62 11.62 11.62 11.62 11.62 11.62 11.62 11.62 11.62 11.62 11.62 11.62 11.62 11.62 11.62 11.62 11.62 11.62 11.62 11.62 11.62 11.62 11.62 11.62 11.62 11.62 11.62 11.62 11.62 11.62 11.62 11.62 11.62 11.62 11.62 11.62 11.62 11.62 11.62 11.62 11.62 11.62 11.62 11.62 11.62 11.62 11.62 11.62 11.62 11.62 11.62 11.62 11.62 11.62 11.62 11.62 11.62 11.62 11.62 11.62 11.62 11.62 11.62 11.62 11.62 11.62
11.57 11.57 11.57 11.57 11.57 11.57 11.57 11.57 11.57 11.57 11.57 11.57 11.57 11.57 11.57 11.57 11.57 11.57 11.57 11.57 11.57 11.57 11.57 11.57 11.57 11.57 11.57 11.57 11.57 11.57 11.57 11.57 11.57 11.57 11.57 11.57 11.57 11.57 11.57 11.57 11.57 11.57 11.57 11.57 11.57 11.57 11.57 11.57 11.57 11.57 11.57 11.57 11.57 11.57 11.57 11.57 11.57 11.57 11.57 11.57 11.57 11.57 11.57 11.57 11.57 11.57 11.57 11.57 11.57 11.57 11.57 11.57 11.57 11.57 11.57 11.57 11.57
11.52 11.52 11.52 11.52 11.52 11.52 11.52 11.52 11.52 11.52 11.52 11.52 11.52 11.52 11.52 11.52 11.52 11.52 11.52 11.52 11.52 11.52 11.52 11.52 11.52 11.52 11.52 11.52 11.52 11.52 11.52 11.52 11.52 11.52 11.52 11.52 11.52 11.52 11.52 11.52 11.52 11.52 11.52 11.52 11.52 11.52 11.52 11.52 11.52 11.52 11.52 11.52 11.52 11.52 11.52 11.52 11.52 11.52 11.52 11.52 11.52 11.52 11.52 11.52 11.52 11.52 11.52 11.52 11.52 11.52 11.52 11.52 11.52 11.52 11.52 11.52 11.52
11.47 11.47 11.47 11.47 11.47 11.47 11.47 11.47 11.47 11.47 11.47 11.47 11.47 11.47 11.47 11.47 11.47 11.47 11.47 11.47 11.47 11.47 11.47 11.47 11.47 11.47 11.47 11.47 11.47 11.47 11.47 11.47 11.47 11.47 11.47 11.47 11.47 11.47 11.47 11.47 11.47 11.47 11.47 11.47 11.47 11.47 11.47 11.47 11.47 11.47 11.47 11.47 11.47 11.47 11.47 11.47 11.47 11.47 11.47 11.47 11.47 11.47 11.47 11.47 11.47 11.47 11.47 11.47 11.47 11.47 11.47 11.47 11.47 11.47 11.47 11.47 11.47
11.42 11.42 11.42 11.42 11.42 11.42 11.42 11.42 11.42 11.42 11.42 11.42 11.42 11.42 11.42 11.42 11.42 11.42 11.42 11.42 11.42 11.42 11.42 11.42 11.42 11.42 11.42 11.42 11.42 11.42 11.42 11.42 11.42 11.42 11.42 11.42 11.42 11.42 11.42 11.42 11.42 11.42 11.42 11.42 11.42 11.42 11.42 11.42 11.42 11.42 11.42 11.42 11.42 11.42 11.42 11.42 11.42 11.42 11.42 11.42 11.42 11.42 11.42 11.42 11.42 11.42 11.42 11.42 11.42 11.42 11.42 11.42 11.42 11.42 11.42 11.42 11.42
11.37 11.37 11.37 11.37 11.37 11.37 11.37 11.37 11.37 11.37 11.37 11.37 11.37 11.37 11.37 11.37 11.37 11.37 11.37 11.37 11.37 11.37 11.37 11.37 11.37 11.37 11.37 11.37 11.37 11.37 11.37 11.37 11.37 11.37 11.37 11.37 11.37 11.37 11.37 11.37 11.37 11.37 11.37 11.37 11.37 11.37 11.37 11.37 11.37 11.37 11.37 11.37 11.37 11.37 11.37 11.37 11.37 11.37 11.37 11.37 11.37 11.37 11.37 11.37 11.37 11.37 11.37 11.37 11.37 11.37 11.37 11.37 11.37 11.37 11.37 11.37 11.37
11.32 11.32 11.32 11.32 11.32 11.32 11.32 11.32 11.32 11.32 11.32 11.32 11.32 11.32 11.32 11.32 11.32 11.32 11.32 11.32 11.32 11.32 11.32 11.32 11.32 11.32 11.32 11.32 11.32 11.32 11.32 11.32 11.32 11.32 11.32 11.32 11.32 11.32 11.32 11.32 11.32 11.32 11.32 11.32 11.32 11.32 11.32 11.32 11.32 11.32 11.32 11.32 11.32 11.32 11.32 11.32 11.32 11.32 11.32 11.32 11.32 11.32 11.32 11.32 11.32 11.32 11.32 11.32 11.32 11.32 11.32 11.32 11.32 11.32 11.32 11.32 11.32
11.27 11.27 11.27 11.27 11.27 11.27 11.27 11.27 11.27 11.27 11.27 11.27 11.27 11.27 11.27 11.27 11.27 11.27 11.27 11.27 11.27 11.27 11.27 11.27 11.27 11.27 11.27 11.27 11.27 11.27 11.27 11.27 11.27 11.27 11.27 11.27 11.27 11.27 11.27 11.27 11.27 11.27 11.27 11.27 11.27 11.27 11.27 11.27 11.27 11.27 11.27 11.27 11.27 11.27 11.27 11.27 11.27 11.27 11.27 11.27 11.27 11.27 11.27 11.27 11.27 11.27 11.27 11.27 11.27 11.27 11.27 11.27 11.27 11.27 11.27 11.27 11.27
11.22 11.22 11.22 11.22 11.22 11.22 11.22 11.22 11.22 11.22 11.22 11.22 11.22 11.22 11.22 11.22 11.22 11.22 11.22 11.22 11.22 11.22 11.22 11.22 11.22 11.22 11.22 11.22 11.22 11.22 11.22 11.22 11.22 11.22 11.22 11.22 11.22 11.22 11.22 11.22 11.22 11.22 11.22 11.22 11.22 11.22 11.22 11.22 11.22 11.22 11.22 11.22 11.22 11.22 11.22 11.22 11.22 11.22 11.22 11.22 11.22 11.22 11.22 11.22 11.22 11.22 11.22 11.22 11.22 11.22 11.22 11.22 11.22 11.22 11.22 11.22 11.22
11.17 11.17 11.17 11.17 11.17 11.17 11.17 11.17 11.17 11.17 11.17 11.17 11.17 11.17 11.17 11.17 11.17 11.17 11.17 11.17 11.17 11.17 11.17 11.17 11.17 11.17 11.17 11.17 11.17 11.17 11.17 11.17 11.17 11.17 11.17 11.17 11.17 11.17 11.17 11.17 11.17 11.17 11.17 11.17 11.17 11.17 11.17 11.17 11.17 11.17 11.17 11.17 11.17 11.17 11.17 11.17 11.17 11.17 11.17 11.17 11.17 11.17 11.17 11.17 11.17 11.17 11.17 11.17 11.17 11.17 11.17 11.17 11.17 11.17 11.17 11.17 11.17
11.12 11.12 11.12 11.12 11.12 11.12 11.12 11.12 11.12 11.12 11.12 11.12 11.12 11.12 11.12 11.12 11.12 11.12 11.12 11.12 11.12 11.12 11.12 11.12 11.12 11.12 11.12 11.12 11.12 11.12 11.12 11.12 11.12 11.12 11.12 11.12 11.12 11.12 11.12 11.12 11.12 11.12 11.12 11.12 11.12 11.12 11.12 11.12 11.12 11.12 11.12 11.12 11.12 11.12 11.12 11.12 11.12 11.12 11.12 11.12 11.12 11.12 11.12 11.12 11.12 11.12 11.12 11.12 11.12 11.12 11.12 11.12 11.12 11.12 11.12 11.12 11.12
11.07 11.07 11.07 11.07 11.07 11.07 11.07 11.07 11.07 11.07 11.07 11.07 11.07 11.07 11.07 11.07 11.07 11.07 11.07 11.07 11.07 11.07 11.07 11.07 11.07 11.07 11.07 11.07 11.07 11.07 11.07 11.07 11.07 11.07 11.07 11.07 11.07 11.07 11.07 11.07 11.07 11.07 11.07 11.07 11.07 11.07 11.07 11.07 11.07 11.07 11.07 11.07 11.07 11.07 11.07 11.07 11.07 11.07 11.07 11.07 11.07 11.07 11.07 11.07 11.07 11.07 11.07 11.07 11.07 11.07 11.07 11.07 11.07 11.07 11.07 11.07 11.07
11.02 11.02 11.02 11.02 11.02 11.02 11.02 11.02 11.02 11.02 11.02 11.02 11.02 11.02 11.02 11.02 11.02 11.02 11.02 11.02 11.02 11.02 11.02 11.02 11.02 11.02 11.02 11.02 11.02 11.02 11.02 11.02 11.02 11.02 11.02 11.02 11.02 11.02 11.02 11.02 11.02 11.02 11.02 11.02 11.02 11.02 11.02 11.02 11.02 11.02 11.02 11.02 11.02 11.02 11.02 11.02 11.02 11.02 11.02 11.02 11.02 11.02 11.02 11.02 11.02 11.02 11.02 11.02 11.02 11.02 11.02 11.02 11.02 11.02 11.02 11.02 11.02
10.97 10.97 10.97 10.97 10.97 10.97 10.97 10.97 10.97 10.97 10.97 10.97 10.97 10.97 10.97 10.97 10.97 10.97 10.97 10.97 10.97 10.97 10.97 10.97 10.97 10.97 10.97 10.97 10.97 10.97 10.97 10.97 10.97 10.97 10.97 10.97 10.97 10.97 10.97 10.97 10.97 10.97 10.97 10.97 10.97 10.97 10.97 10.97 10.97 10.97 10.97 10.97 10.97 10.97 10.97 10.97 10.97 10.97 10.97 10.97 10.97 10.97 10.97 10.97 10.97 10.97 10.97 10.97 10.97 10.97 10.97 10.97 10.97 10.97 10.97 10.97 10.97
10.92 10.92 10.92 10.92 10.92 10.92 10.92 10.92 10.92 10.92 10.92 10.92 10.92 10.92 10.92 10.92 10.92 10.92 10.92 10.92 10.92 10.92 10.92 10.92 10.92 10.92 10.92 10.92 10.92 10.92 10.92 10.92 10.92 10.92 10.92 10.92 10.92 10.92 10.92 10.92 10.92 10.92 10.92 10.92 10.92 10.92 10.92 10.92 10.92 10.92 10.92 10.92 10.92 10.92 10.92 10.92 10.92 10.92 10.92 10.92 10.92 10.92 10.92 10.92 10.92 10.92 10.92 10.92 10.92 10.92 10.92 10.92 10.92 10.92 10.92 10.92 10.92
10.87 10.87 10.87 10.87 10.87 10.87 10.87 10.87 10.87 10.87 10.87 10.87 10.87 10.87 10.87 10.87 10.87 10.87 10.87 10.87 10.87 10.87 10.87 10.87 10.87 10.87 10.87 10.87 10.87 10.87 10.87 10.87 10.87 10.87 10.87 10.87 10.87 10.87 10.87 10.87 10.87 10.87 10.87 10.87 10.87 10.87 10.87 10.87 10.87 10.87 10.87 10.87 10.87 10.87 10.87 10.87 10.87 10.87 10.87 10.87 10.87 10.87 10.87 10.87 10.87 10.87 10.87 10.87 10.87 10.87 10.87 10.87 10.87 10.87 10.87 10.87 10.87
10.82 10.82 10.82 10.82 10.82 10.82 10.82 10.82 10.82 10.82 10.82 10.82 10.82 10.82 10.82 10.82 10.82 10.82 10.82 10.82 10.82 10.82 10.82 10.82 10.82 10.82 10.82 10.82 10.82 10.82 10.82 10.82 10.82 10.82 10.82 10.82 10.82 10.82 10.82 10.82 10.82 10.82 10.82 10.82 10.82 10.82 10.82 10.82 10.82 10.82 10.82 10.82 10.82 10.82 10.82 10.82 10.82 10.82 10.82 10.82 10.82 10.82 10.82 10.82 10.82 10.82 10.82 10.82 10.82 10.82 10.82 10.82 10.82 10.82 10.82 10.82 10.82
10.77 10.77 10.77 10.77 10.77 10.77 10.77 10.77 10.77 10.77 10.77 10.77 10.77 10.77 10.77 10.77 10.77 10.77 10.77 10.77 10.77 10.77 10.77 10.77 10.77 10.77 10.77 10.77 10.77 10.77 10.77 10.77 10.77 10.77 10.77 10.77 10.77 10.77 10.77 10.77 10.77 10.77 10.77 10.77 10.77 10.77 10.77 10.77 10.77 10.77 10.77 10.77 10.77 10.77 10.77 10.77 10.77 10.77 10.77 10.77 10.77 10.77 10.77 10.77 10.77 10.77 10.77 10.77 10.77 10.77 10.77 10.77 10.77 10.77 10.77 10.77 10.77
10.72 10.72 10.72 10.72 10.72 10.72 10.72 10.72 10.72 10.72 10.72 10.72 10.72 10.72 10.72 10.72 10.72 10.72 10.72 10.72 10.72 10.72 10.72 10.72 10.72 10.72 10.72 10.72 10.72 10.72 10.72 10.72 10.72 10.72 10.72 10.72 10.72 10.72 10.72 10.72 10.72 10.72 10.72 10.72 10.72 10.72 10.72 10.72 10.72 10.72 10.72 10.72 10.72 10.72 10.72 10.72 10.72 10.72 10.72 10.72 10.72 10.72 10.72 10.72 10.72 10.72 10.72 10.72 10.72 10.72 10.72 10.72 10.72 10.72 10.72 10.72 10.72
10.67 10.67 10.67 10.67 10.67 10.67 10.67 10.67 10.67 10.67 10.67 10.67 10.67 10.67 10.67 10.67 10.67 10.67 10.67 10.67 10.67 10.67 10.67 10.67 10.67 10.67 10.67 10.67 10.67 10.67 10.67 10.67 10.67 10.67 10.67 10.67 10.67 10.67 10.67 10.67 10.67 10.67 10.67 10.67 10.67 10.67 10.67 10.67 10.67 10.67 10.67 10.67 10.67 10.67 10.67 10.67 10.67 10.67 10.67 10.67 10.67 10.67 10.67 10.67 10.67 10.67 10.67 10.67 10.67 10.67 10.67 10.67 10.67 10.67 10.67 10.67 10.67
10.62 10.62 10.62 10.62 10.62 10.62 10.62 10.62 10.62 10.62 10.62 10.62 10.62 10.62 10.62 10.62 10.62 10.62 10.62 10.62 10.62 10.62 10.62 10.62 10.62 10.62 10.62 10.62 10.62 10.62 10.62 10.62 10.62 10.62 10.62 10.62 10.62 10.62 10.62 10.62 10.62 10.62 10.62 10.62 10.62 10.62 10.62 10.62 10.62 10.62 10.62 10.62 10.62 10.62 10.62 10.62 10.62 10.62 10.62 10.62 10.62 10.62 10.62 10.62 10.62 10.62 10.62 10.62 10.62 10.62 10.62 10.62 10.62 10.62 10.62 10.62 10.62
10.57 10.57 10.57 10.57 10.57 10.57 10.57 10.57 10.57 10.57 10.57 10.57 10.57 10.57 10.57 10.57 10.57 10.57 10.57 10.57 10.57 10.57 10.57 10.57 10.57 10.57 10.57 10.57 10.57 10.57 10.57 10.57 10.57 10.57 10.57 10.57 10.57 10.57 10.57 10.57 10.57 10.57 10.57 10.57 10.57 10.57 10.57 10.57 10.57 10.57 10.57 10.57 10.57 10.57 10.57 10.57 10.57 10.57 10.57 10.57 10.57 10.57 10.57 10.57 10.57 10.57 10.57 10.57 10.57 10.57 10.57 10.57 10.57 10.57 10.57 10.57 10.57
10.52 10.52 10.52 10.52 10.52 10.52 10.52 10.52 10.52 10.52 10.52 10.52 10.52 10.52 10.52 10.52 10.52 10.52 10.52 10.52 10.52 10.52 10.52 10.52 10.52 10.52 10.52 10.52 10.52 10.52 10.52 10.52 10.52 10.52 10.52 10.52 10.52 10.52 10.52 10.52 10.52 10.52 10.52 10.52 10.52 10.52 10.52 10.52 10.52 10.52 10.52 10.52 10.52 10.52 10.52 10.52 10.52 10.52 10.52 10.52 10.52 10.52 10.52 10.52 10.52 10.52 10.52 10.52 10.52 10.52 10.52 10.52 10.52 10.52 10.52 10.52 10.52
10.47 10.47 10.47 10.47 10.47 10.47 10.47 10.47 10.47 10.47 10.47 10.47 10.47 10.47 10.47 10.47 10.47 10.47 10.47 10.47 10.47 10.47 10.47 10.47 10.47 10.47 10.47 10.47 10.47 10.47 10.47 10.47 10.47 10.47 10.47 10.47 10.47 10.47 10.47 10.47 10.47 10.47 10.47 10.47 10.47 10.47 10.47 10.47 10.47 10.47 10.47 10.47 10.47 10.47 10.47 10.47 10.47 10.47 10.47 10.47 10.47 10.47 10.47 10.47 10.47 10.47 10.47 10.47 10.47 10.47 10.47 10.47 10.47 10.47 10.47 10.47 10.47
10.42 10.42 10.42 10.42 10.42 10.42 10.42 10.42 10.42 10.42 10.42 10.42 10.42 10.42 10.42 10.42 10.42 10.42 10.42 10.42 10.42 10.42 10.42 10.42 10.42 10.42 10.42 10.42 10.42 10.42 10.42 10.42 10.42 10.42 10.42 10.42 10.42 10.42 10.42 10.42 10.42 10.42 10.42 10.42 10.42 10.42 10.42 10.42 10.42 10.42 10.42 10.42 10.42 10.42 10.42 10.42 10.42 10.42 10.42 10.42 10.42 10.42 10.42 10.42 10.42 10.42 10.42 10.42 10.42 10.42 10.42 10.42 10.42 10.42 10.42 10.42 10.42
10.37 10.37 10.37 10.37 10.37 10.37 10.37 10.37 10.37 10.37 10.37 10.37 10.37 10.37 10.37 10.37 10.37 10.37 10.37 10.37 10.37 10.37 10.37 10.37 10.37 10.37 10.37 10.37 10.37 10.37 10.37 10.37 10.37 10.37 10.37 10.37 10.37 10.37 10.37 10.37 10.37 10.37 10.37 10.37 10.37 10.37 10.37 10.37 10.37 10.37 10.37 10.37 10.37 10.37 10.37 10.37 10.37 10.37 10.37 10.37 10.37 10.37 10.37 10.37 10.37 10.37 10.37 10.37 10.37 10.37 10.37 10.37 10.37 10.37 10.37 10.37 10.37
10.32 10.32 10.32 10.32 10.32 10.32 10.32 10.32 10.32 10.32 10.32 10.32 10.32 10.32 10.32 10.32 10.32 10.32 10.32 10.32 10.32 10.32 10.32 10.32 10.32 10.32 10.32 10.32 10.32 10.32 10.32 10.32 10.32 10.32 10.32 10.32 10.32 10.32 10.32 10.32 10.32 10.32 10.32 10.32 10.32 10.32 10.32 10.32 10.32 10.32 10.32 10.32 10.32 10.32 10.32 10.32 10.32 10.32 10.32 10.32 10.32 10.32 10.32 10.32 10.32 10.32 10.32 10.32 10.32 10.32 10.32 10.32 10.32 10.32 10.32 10.32 10.32
10.27 10.27 10.27 10.27 10.27 10.27 10.27 10.27 10.27 10.27 10.27 10.27 10.27 10.27 10.27 10.27 10.27 10.27 10.27 10.27 10.27 10.27 10.27 10.27 10.27 10.27 10.27 10.27 10.27 10.27 10.27 10.27 10.27 10.27 10.27 10.27 10.27 10.27 10.27 10.27 10.27 10.27 10.27 10.27 10.27 10.27 10.27 10.27 10.27 10.27 10.27 10.27 10.27 10.27 10.27 10.27 10.27 10.27 10.27 10.27 10.27 10.27 10.27 10.27 10.27 10.27 10.27 10.27 10.27 10.27 10.27 10.27 10.27 10.27 10.27 10.27 10.27
10.22 10.22 10.22 10.22 10.22 10.22 10.22 10.22 10.22 10.22 10.22 10.22 10.22 10.22 10.22 10.22 10.22 10.22 10.22 10.22 10.22 10.22 10.22 10.22 10.22 10.22 10.22 10.22 10.22 10.22 10.22 10.22 10.22 10.22 10.22 10.22 10.22 10.22 10.22 10.22 10.22 10.22 10.22 10.22 10.22 10.22 10.22 10.22 10.22 10.22 10.22 10.22 10.22 10.22 10.22 10.22 10.22 10.22 10.22 10.22 10.22 10.22 10.22 10.22 10.22 10.22 10.22 10.22 10.22 10.22 10.22 10.22 10.22 10.22 10.22 10.22 10.22
