InputData/Validation/Problem3/Slide1/dem.asc
ncols 	 450 
nrows 	 450 
xllcorner 	 0.00 
yllcorner 	 0.00 
cellsize 	 0.10 
NODATA_value 	 -9999 
[rows 170 to 203 of 450, columns 77 to 153 of 450]
16.98 16.98 16.98 16.98 16.98 16.98 16.98 16.98 16.98 16.98 16.98 16.98 16.98 16.98 16.98 16.98 16.98 16.98 16.98 16.98 16.98 16.98 16.98 16.98 16.98 16.98 16.98 16.98 16.98 16.98 16.98 16.98 16.98 16.98 16.98 16.98 16.98 16.98 16.98 16.98 16.98 16.98 16.98 16.98 16.98 16.98 16.98 16.98 16.98 16.98 16.98 16.98 16.98 16.98 16.98 16.98 16.98 16.98 16.98 16.98 16.98 16.98 16.98 16.98 16.98 16.98 16.98 16.98 16.98 16.98 16.98 16.98 16.98 16.98 16.98 16.98 16.98
16.93 16.93 16.93 16.93 16.93 16.93 16.93 16.93 16.93 16.93 16.93 16.93 16.93 16.93 16.93 16.93 16.93 16.93 16.93 16.93 16.93 16.93 16.93 16.93 16.93 16.93 16.93 16.93 16.93 16.93 16.93 16.93 16.93 16.93 16.93 16.93 16.93 16.93 16.93 16.93 16.93 16.93 16.93 16.93 16.93 16.93 16.93 16.93 16.93 16.93 16.93 16.93 16.93 16.93 16.93 16.93 16.93 16.93 16.93 16.93 16.93 16.93 16.93 16.93 16.93 16.93 16.93 16.93 16.93 16.93 16.93 16.93 16.93 16.93 16.93 16.93 16.93
16.88 16.88 16.88 16.88 16.88 16.88 16.88 16.88 16.88 16.88 16.88 16.88 16.88 16.88 16.88 16.88 16.88 16.88 16.88 16.88 16.88 16.88 16.88 16.88 16.88 16.88 16.88 16.88 16.88 16.88 16.88 16.88 16.88 16.88 16.88 16.88 16.88 16.88 16.88 16.88 16.88 16.88 16.88 16.88 16.88 16.88 16.88 16.88 16.88 16.88 16.88 16.88 16.88 16.88 16.88 16.88 16.88 16.88 16.88 16.88 16.88 16.88 16.88 16.88 16.88 16.88 16.88 16.88 16.88 16.88 16.88 16.88 16.88 16.88 16.88 16.88 16.88
16.83 16.83 16.83 16.83 16.83 16.83 16.83 16.83 16.83 16.83 16.83 16.83 16.83 16.83 16.83 16.83 16.83 16.83 16.83 16.83 16.83 16.83 16.83 16.83 16.83 16.83 16.83 16.83 16.83 16.83 16.83 16.83 16.83 16.83 16.83 16.83 16.83 16.83 16.83 16.83 16.83 16.83 16.83 16.83 16.83 16.83 16.83 16.83 16.83 16.83 16.83 16.83 16.83 16.83 16.83 16.83 16.83 16.83 16.83 16.83 16.83 16.83 16.83 16.83 16.83 16.83 16.83 16.83 16.83 16.83 16.83 16.83 16.83 16.83 16.83 16.83 16.83
16.78 16.78 16.78 16.78 16.78 16.78 16.78 16.78 16.78 16.78 16.78 16.78 16.78 16.78 16.78 16.78 16.78 16.78 16.78 16.78 16.78 16.78 16.78 16.78 16.78 16.78 16.78 16.78 16.78 16.78 16.78 16.78 16.78 16.78 16.78 16.78 16.78 16.78 16.78 16.78 16.78 16.78 16.78 16.78 16.78 16.78 16.78 16.78 16.78 16.78 16.78 16.78 16.78 16.78 16.78 16.78 16.78 16.78 16.78 16.78 16.78 16.78 16.78 16.78 16.78 16.78 16.78 16.78 16.78 16.78 16.78 16.78 16.78 16.78 16.78 16.78 16.78
16.73 16.73 16.73 16.73 16.73 16.73 16.73 16.73 16.73 16.73 16.73 16.73 16.73 16.73 16.73 16.73 16.73 16.73 16.73 16.73 16.73 16.73 16.73 16.73 16.73 16.73 16.73 16.73 16.73 16.73 16.73 16.73 16.73 16.73 16.73 16.73 16.73 16.73 16.73 16.73 16.73 16.73 16.73 16.73 16.73 16.73 16.73 16.73 16.73 16.73 16.73 16.73 16.73 16.73 16.73 16.73 16.73 16.73 16.73 16.73 16.73 16.73 16.73 16.73 16.73 16.73 16.73 16.73 16.73 16.73 16.73 16.73 16.73 16.73 16.73 16.73 16.73
16.68 16.68 16.68 16.68 16.68 16.68 16.68 16.68 16.68 16.68 16.68 16.68 16.68 16.68 16.68 16.68 16.68 16.68 16.68 16.68 16.68 16.68 16.68 16.68 16.68 16.68 16.68 16.68 16.68 16.68 16.68 16.68 16.68 16.68 16.68 16.68 16.68 16.68 16.68 16.68 16.68 16.68 16.68 16.68 16.68 16.68 16.68 16.68 16.68 16.68 16.68 16.68 16.68 16.68 16.68 16.68 16.68 16.68 16.68 16.68 16.68 16.68 16.68 16.68 16.68 16.68 16.68 16.68 16.68 16.68 16.68 16.68 16.68 16.68 16.68 16.68 16.68
16.63 16.63 16.63 16.63 16.63 16.63 16.63 16.63 16.63 16.63 16.63 16.63 16.63 16.63 16.63 16.63 16.63 16.63 16.63 16.63 16.63 16.63 16.63 16.63 16.63 16.63 16.63 16.63 16.63 16.63 16.63 16.63 16.63 16.63 16.63 16.63 16.63 16.63 16.63 16.63 16.63 16.63 16.63 16.63 16.63 16.63 16.63 16.63 16.63 16.63 16.63 16.63 16.63 16.63 16.63 16.63 16.63 16.63 16.63 16.63 16.63 16.63 16.63 16.63 16.63 16.63 16.63 16.63 16.63 16.63 16.63 16.63 16.63 16.63 16.63 16.63 16.63
16.58 16.58 16.58 16.58 16.58 16.58 16.58 16.58 16.58 16.58 16.58 16.58 16.58 16.58 16.58 16.58 16.58 16.58 16.58 16.58 16.58 16.58 16.58 16.58 16.58 16.58 16.58 16.58 16.58 16.58 16.58 16.58 16.58 16.58 16.58 16.58 16.58 16.58 16.58 16.58 16.58 16.58 16.58 16.58 16.58 16.58 16.58 16.58 16.58 16.58 16.58 16.58 16.58 16.58 16.58 16.58 16.58 16.58 16.58 16.58 16.58 16.58 16.58 16.58 16.58 16.58 16.58 16.58 16.58 16.58 16.58 16.58 16.58 16.58 16.58 16.58 16.58
16.53 16.53 16.53 16.53 16.53 16.53 16.53 16.53 16.53 16.53 16.53 16.53 16.53 16.53 16.53 16.53 16.53 16.53 16.53 16.53 16.53 16.53 16.53 16.53 16.53 16.53 16.53 16.53 16.53 16.53 16.53 16.53 16.53 16.53 16.53 16.53 16.53 16.53 16.53 16.53 16.53 16.53 16.53 16.53 16.53 16.53 16.53 16.53 16.53 16.53 16.53 16.53 16.53 16.53 16.53 16.53 16.53 16.53 16.53 16.53 16.53 16.53 16.53 16.53 16.53 16.53 16.53 16.53 16.53 16.53 16.53 16.53 16.53 16.53 16.53 16.53 16.53
16.48 16.48 16.48 16.48 16.48 16.48 16.48 16.48 16.48 16.48 16.48 16.48 16.48 16.48 16.48 16.48 16.48 16.48 16.48 16.48 16.48 16.48 16.48 16.48 16.48 16.48 16.48 16.48 16.48 16.48 16.48 16.48 16.48 16.48 16.48 16.48 16.48 16.48 16.48 16.48 16.48 16.48 16.48 16.48 16.48 16.48 16.48 16.48 16.48 16.48 16.48 16.48 16.48 16.48 16.48 16.48 16.48 16.48 16.48 16.48 16.48 16.48 16.48 16.48 16.48 16.48 16.48 16.48 16.48 16.48 16.48 16.48 16.48 16.48 16.48 16.48 16.48
16.43 16.43 16.43 16.43 16.43 16.43 16.43 16.43 16.43 16.43 16.43 16.43 16.43 16.43 16.43 16.43 16.43 16.43 16.43 16.43 16.43 16.43 16.43 16.43 16.43 16.43 16.43 16.43 16.43 16.43 16.43 16.43 16.43 16.43 16.43 16.43 16.43 16.43 16.43 16.43 16.43 16.43 16.43 16.43 16.43 16.43 16.43 16.43 16.43 16.43 16.43 16.43 16.43 16.43 16.43 16.43 16.43 16.43 16.43 16.43 16.43 16.43 16.43 16.43 16.43 16.43 16.43 16.43 16.43 16.43 16.43 16.43 16.43 16.43 16.43 16.43 16.43
16.38 16.38 16.38 16.38 16.38 16.38 16.38 16.38 16.38 16.38 16.38 16.38 16.38 16.38 16.38 16.38 16.38 16.38 16.38 16.38 16.38 16.38 16.38 16.38 16.38 16.38 16.38 16.38 16.38 16.38 16.38 16.38 16.38 16.38 16.38 16.38 16.38 16.38 16.38 16.38 16.38 16.38 16.38 16.38 16.38 16.38 16.38 16.38 16.38 16.38 16.38 16.38 16.38 16.38 16.38 16.38 16.38 16.38 16.38 16.38 16.38 16.38 16.38 16.38 16.38 16.38 16.38 16.38 16.38 16.38 16.38 16.38 16.38 16.38 16.38 16.38 16.38
16.33 16.33 16.33 16.33 16.33 16.33 16.33 16.33 16.33 16.33 16.33 16.33 16.33 16.33 16.33 16.33 16.33 16.33 16.33 16.33 16.33 16.33 16.33 16.33 16.33 16.33 16.33 16.33 16.33 16.33 16.33 16.33 16.33 16.33 16.33 16.33 16.33 16.33 16.33 16.33 16.33 16.33 16.33 16.33 16.33 16.33 16.33 16.33 16.33 16.33 16.33 16.33 16.33 16.33 16.33 16.33 16.33 16.33 16.33 16.33 16.33 16.33 16.33 16.33 16.33 16.33 16.33 16.33 16.33 16.33 16.33 16.33 16.33 16.33 16.33 16.33 16.33
16.28 16.28 16.28 16.28 16.28 16.28 16.28 16.28 16.28 16.28 16.28 16.28 16.28 16.28 16.28 16.28 16.28 16.28 16.28 16.28 16.28 16.28 16.28 16.28 16.28 16.28 16.28 16.28 16.28 16.28 16.28 16.28 16.28 16.28 16.28 16.28 16.28 16.28 16.28 16.28 16.28 16.28 16.28 16.28 16.28 16.28 16.28 16.28 16.28 16.28 16.28 16.28 16.28 16.28 16.28 16.28 16.28 16.28 16.28 16.28 16.28 16.28 16.28 16.28 16.28 16.28 16.28 16.28 16.28 16.28 16.28 16.28 16.28 16.28 16.28 16.28 16.28
16.23 16.23 16.23 16.23 16.23 16.23 16.23 16.23 16.23 16.23 16.23 16.23 16.23 16.23 16.23 16.23 16.23 16.23 16.23 16.23 16.23 16.23 16.23 16.23 16.23 16.23 16.23 16.23 16.23 16.23 16.23 16.23 16.23 16.23 16.23 16.23 16.23 16.23 16.23 16.23 16.23 16.23 16.23 16.23 16.23 16.23 16.23 16.23 16.23 16.23 16.23 16.23 16.23 16.23 16.23 16.23 16.23 16.23 16.23 16.23 16.23 16.23 16.23 16.23 16.23 16.23 16.23 16.23 16.23 16.23 16.23 16.23 16.23 16.23 16.23 16.23 16.23
16.18 16.18 16.18 16.18 16.18 16.18 16.18 16.18 16.18 16.18 16.18 16.18 16.18 16.18 16.18 16.18 16.18 16.18 16.18 16.18 16.18 16.18 16.18 16.18 16.18 16.18 16.18 16.18 16.18 16.18 16.18 16.18 16.18 16.18 16.18 16.18 16.18 16.18 16.18 16.18 16.18 16.18 16.18 16.18 16.18 16.18 16.18 16.18 16.18 16.18 16.18 16.18 16.18 16.18 16.18 16.18 16.18 16.18 16.18 16.18 16.18 16.18 16.18 16.18 16.18 16.18 16.18 16.18 16.18 16.18 16.18 16.18 16.18 16.18 16.18 16.18 16.18
16.13 16.13 16.13 16.13 16.13 16.13 16.13 16.13 16.13 16.13 16.13 16.13 16.13 16.13 16.13 16.13 16.13 16.13 16.13 16.13 16.13 16.13 16.13 16.13 16.13 16.13 16.13 16.13 16.13 16.13 16.13 16.13 16.13 16.13 16.13 16.13 16.13 16.13 16.13 16.13 16.13 16.13 16.13 16.13 16.13 16.13 16.13 16.13 16.13 16.13 16.13 16.13 16.13 16.13 16.13 16.13 16.13 16.13 16.13 16.13 16.13 16.13 16.13 16.13 16.13 16.13 16.13 16.13 16.13 16.13 16.13 16.13 16.13 16.13 16.13 16.13 16.13
16.08 16.08 16.08 16.08 16.08 16.08 16.08 16.08 16.08 16.08 16.08 16.08 16.08 16.08 16.08 16.08 16.08 16.08 16.08 16.08 16.08 16.08 16.08 16.08 16.08 16.08 16.08 16.08 16.08 16.08 16.08 16.08 16.08 16.08 16.08 16.08 16.08 16.08 16.08 16.08 16.08 16.08 16.08 16.08 16.08 16.08 16.08 16.08 16.08 16.08 16.08 16.08 16.08 16.08 16.08 16.08 16.08 16.08 16.08 16.08 16.08 16.08 16.08 16.08 16.08 16.08 16.08 16.08 16.08 16.08 16.08 16.08 16.08 16.08 16.08 16.08 16.08
16.03 16.03 16.03 16.03 16.03 16.03 16.03 16.03 16.03 16.03 16.03 16.03 16.03 16.03 16.03 16.03 16.03 16.03 16.03 16.03 16.03 16.03 16.03 16.03 16.03 16.03 16.03 16.03 16.03 16.03 16.03 16.03 16.03 16.03 16.03 16.03 16.03 16.03 16.03 16.03 16.03 16.03 16.03 16.03 16.03 16.03 16.03 16.03 16.03 16.03 16.03 16.03 16.03 16.03 16.03 16.03 16.03 16.03 16.03 16.03 16.03 16.03 16.03 16.03 16.03 16.03 16.03 16.03 16.03 16.03 16.03 16.03 16.03 16.03 16.03 16.03 16.03
15.98 15.98 15.98 15.98 15.98 15.98 15.98 15.98 15.98 15.98 15.98 15.98 15.98 15.98 15.98 15.98 15.98 15.98 15.98 15.98 15.98 15.98 15.98 15.98 15.98 15.98 15.98 15.98 15.98 15.98 15.98 15.98 15.98 15.98 15.98 15.98 15.98 15.98 15.98 15.98 15.98 15.98 15.98 15.98 15.98 15.98 15.98 15.98 15.98 15.98 15.98 15.98 15.98 15.98 15.98 15.98 15.98 15.98 15.98 15.98 15.98 15.98 15.98 15.98 15.98 15.98 15.98 15.98 15.98 15.98 15.98 15.98 15.98 15.98 15.98 15.98 15.98
15.93 15.93 15.93 15.93 15.93 15.93 15.93 15.93 15.93 15.93 15.93 15.93 15.93 15.93 15.93 15.93 15.93 15.93 15.93 15.93 15.93 15.93 15.93 15.93 15.93 15.93 15.93 15.93 15.93 15.93 15.93 15.93 15.93 15.93 15.93 15.93 15.93 15.93 15.93 15.93 15.93 15.93 15.93 15.93 15.93 15.93 15.93 15.93 15.93 15.93 15.93 15.93 15.93 15.93 15.93 15.93 15.93 15.93 15.93 15.93 15.93 15.93 15.93 15.93 15.93 15.93 15.93 15.93 15.93 15.93 15.93 15.93 15.93 15.93 15.93 15.93 15.93
15.88 15.88 15.88 15.88 15.88 15.88 15.88 15.88 15.88 15.88 15.88 15.88 15.88 15.88 15.88 15.88 15.88 15.88 15.88 15.88 15.88 15.88 15.88 15.88 15.88 15.88 15.88 15.88 15.88 15.88 15.88 15.88 15.88 15.88 15.88 15.88 15.88 15.88 15.88 15.88 15.88 15.88 15.88 15.88 15.88 15.88 15.88 15.88 15.88 15.88 15.88 15.88 15.88 15.88 15.88 15.88 15.88 15.88 15.88 15.88 15.88 15.88 15.88 15.88 15.88 15.88 15.88 15.88 15.88 15.88 15.88 15.88 15.88 15.88 15.88 15.88 15.88
15.83 15.83 15.83 15.83 15.83 15.83 15.83 15.83 15.83 15.83 15.83 15.83 15.83 15.83 15.83 15.83 15.83 15.83 15.83 15.83 15.83 15.83 15.83 15.83 15.83 15.83 15.83 15.83 15.83 15.83 15.83 15.83 15.83 15.83 15.83 15.83 15.83 15.83 15.83 15.83 15.83 15.83 15.83 15.83 15.83 15.83 15.83 15.83 15.83 15.83 15.83 15.83 15.83 15.83 15.83 15.83 15.83 15.83 15.83 15.83 15.83 15.83 15.83 15.83 15.83 15.83 15.83 15.83 15.83 15.83 15.83 15.83 15.83 15.83 15.83 15.83 15.83
15.78 15.78 15.78 15.78 15.78 15.78 15.78 15.78 15.78 15.78 15.78 15.78 15.78 15.78 15.78 15.78 15.78 15.78 15.78 15.78 15.78 15.78 15.78 15.78 15.78 15.78 15.78 15.78 15.78 15.78 15.78 15.78 15.78 15.78 15.78 15.78 15.78 15.78 15.78 15.78 15.78 15.78 15.78 15.78 15.78 15.78 15.78 15.78 15.78 15.78 15.78 15.78 15.78 15.78 15.78 15.78 15.78 15.78 15.78 15.78 15.78 15.78 15.78 15.78 15.78 15.78 15.78 15.78 15.78 15.78 15.78 15.78 15.78 15.78 15.78 15.78 15.78
15.73 15.73 15.73 15.73 15.73 15.73 15.73 15.73 15.73 15.73 15.73 15.73 15.73 15.73 15.73 15.73 15.73 15.73 15.73 15.73 15.73 15.73 15.73 15.73 15.73 15.73 15.73 15.73 15.73 15.73 15.73 15.73 15.73 15.73 15.73 15.73 15.73 15.73 15.73 15.73 15.73 15.73 15.73 15.73 15.73 15.73 15.73 15.73 15.73 15.73 15.73 15.73 15.73 15.73 15.73 15.73 15.73 15.73 15.73 15.73 15.73 15.73 15.73 15.73 15.73 15.73 15.73 15.73 15.73 15.73 15.73 15.73 15.73 15.73 15.73 15.73 15.73
15.68 15.68 15.68 15.68 15.68 15.68 15.68 15.68 15.68 15.68 15.68 15.68 15.68 15.68 15.68 15.68 15.68 15.68 15.68 15.68 15.68 15.68 15.68 15.68 15.68 15.68 15.68 15.68 15.68 15.68 15.68 15.68 15.68 15.68 15.68 15.68 15.68 15.68 15.68 15.68 15.68 15.68 15.68 15.68 15.68 15.68 15.68 15.68 15.68 15.68 15.68 15.68 15.68 15.68 15.68 15.68 15.68 15.68 15.68 15.68 15.68 15.68 15.68 15.68 15.68 15.68 15.68 15.68 15.68 15.68 15.68 15.68 15.68 15.68 15.68 15.68 15.68
15.63 15.63 15.63 15.63 15.63 15.63 15.63 15.63 15.63 15.63 15.63 15.63 15.63 15.63 15.63 15.63 15.63 15.63 15.63 15.63 15.63 15.63 15.63 15.63 15.63 15.63 15.63 15.63 15.63 15.63 15.63 15.63 15.63 15.63 15.63 15.63 15.63 15.63 15.63 15.63 15.63 15.63 15.63 15.63 15.63 15.63 15.63 15.63 15.63 15.63 15.63 15.63 15.63 15.63 15.63 15.63 15.63 15.63 15.63 15.63 15.63 15.63 15.63 15.63 15.63 15.63 15.63 15.63 15.63 15.63 15.63 15.63 15.63 15.63 15.63 15.63 15.63
15.58 15.58 15.58 15.58 15.58 15.58 15.58 15.58 15.58 15.58 15.58 15.58 15.58 15.58 15.58 15.58 15.58 15.58 15.58 15.58 15.58 15.58 15.58 15.58 15.58 15.58 15.58 15.58 15.58 15.58 15.58 15.58 15.58 15.58 15.58 15.58 15.58 15.58 15.58 15.58 15.58 15.58 15.58 15.58 15.58 15.58 15.58 15.58 15.58 15.58 15.58 15.58 15.58 15.58 15.58 15.58 15.58 15.58 15.58 15.58 15.58 15.58 15.58 15.58 15.58 15.58 15.58 15.58 15.58 15.58 15.58 15.58 15.58 15.58 15.58 15.58 15.58
15.53 15.53 15.53 15.53 15.53 15.53 15.53 15.53 15.53 15.53 15.53 15.53 15.53 15.53 15.53 15.53 15.53 15.53 15.53 15.53 15.53 15.53 15.53 15.53 15.53 15.53 15.53 15.53 15.53 15.53 15.53 15.53 15.53 15.53 15.53 15.53 15.53 15.53 15.53 15.53 15.53 15.53 15.53 15.53 15.53 15.53 15.53 15.53 15.53 15.53 15.53 15.53 15.53 15.53 15.53 15.53 15.53 15.53 15.53 15.53 15.53 15.53 15.53 15.53 15.53 15.53 15.53 15.53 15.53 15.53 15.53 15.53 15.53 15.53 15.53 15.53 15.53
15.47 15.47 15.47 15.47 15.47 15.47 15.47 15.47 15.47 15.47 15.47 15.47 15.47 15.47 15.47 15.47 15.47 15.47 15.47 15.47 15.47 15.47 15.47 15.47 15.47 15.47 15.47 15.47 15.47 15.47 15.47 15.47 15.47 15.47 15.47 15.47 15.47 15.47 15.47 15.47 15.47 15.47 15.47 15.47 15.47 15.47 15.47 15.47 15.47 15.47 15.47 15.47 15.47 15.47 15.47 15.47 15.47 15.47 15.47 15.47 15.47 15.47 15.47 15.47 15.47 15.47 15.47 15.47 15.47 15.47 15.47 15.47 15.47 15.47 15.47 15.47 15.47
15.42 15.42 15.42 15.42 15.42 15.42 15.42 15.42 15.42 15.42 15.42 15.42 15.42 15.42 15.42 15.42 15.42 15.42 15.42 15.42 15.42 15.42 15.42 15.42 15.42 15.42 15.42 15.42 15.42 15.42 15.42 15.42 15.42 15.42 15.42 15.42 15.42 15.42 15.42 15.42 15.42 15.42 15.42 15.42 15.42 15.42 15.42 15.42 15.42 15.42 15.42 15.42 15.42 15.42 15.42 15.42 15.42 15.42 15.42 15.42 15.42 15.42 15.42 15.42 15.42 15.42 15.42 15.42 15.42 15.42 15.42 15.42 15.42 15.42 15.42 15.42 15.42
15.37 15.37 15.37 15.37 15.37 15.37 15.37 15.37 15.37 15.37 15.37 15.37 15.37 15.37 15.37 15.37 15.37 15.37 15.37 15.37 15.37 15.37 15.37 15.37 15.37 15.37 15.37 15.37 15.37 15.37 15.37 15.37 15.37 15.37 15.37 15.37 15.37 15.37 15.37 15.37 15.37 15.37 15.37 15.37 15.37 15.37 15.37 15.37 15.37 15.37 15.37 15.37 15.37 15.37 15.37 15.37 15.37 15.37 15.37 15.37 15.37 15.37 15.37 15.37 15.37 15.37 15.37 15.37 15.37 15.37 15.37 15.37 15.37 15.37 15.37 15.37 15.37
15.32 15.32 15.32 15.32 15.32 15.32 15.32 15.32 15.32 15.32 15.32 15.32 15.32 15.32 15.32 15.32 15.32 15.32 15.32 15.32 15.32 15.32 15.32 15.32 15.32 15.32 15.32 15.32 15.32 15.32 15.32 15.32 15.32 15.32 15.32 15.32 15.32 15.32 15.32 15.32 15.32 15.32 15.32 15.32 15.32 15.32 15.32 15.32 15.32 15.32 15.32 15.32 15.32 15.32 15.32 15.32 15.32 15.32 15.32 15.32 15.32 15.32 15.32 15.32 15.32 15.32 15.32 15.32 15.32 15.32 15.32 15.32 15.32 15.32 15.32 15.32 15.32
