InputData/Validation/Problem3/Slide2/cellsize_0.1/zmax.asc
ncols 	 450 
nrows 	 450 
xllcorner 	 0.00 
yllcorner 	 0.00 
cellsize 	 0.10 
NODATA_value 	 -9999 
[rows 228 to 265 of 450, columns 336 to 419 of 450]
8.19 8.19 8.19 8.19 8.19 8.19 8.19 8.19 8.19 8.19 8.19 8.19 8.19 8.19 8.19 8.19 8.19 8.19 8.19 8.19 8.19 8.19 8.19 8.19 8.19 8.19 8.19 8.19 8.19 8.19 8.19 8.19 8.19 8.19 8.19 8.19 8.19 8.19 8.19 8.19 8.19 8.19 8.19 8.19 8.19 8.19 8.19 8.19 8.19 8.19 8.19 8.19 8.19 8.19 8.19 8.19 8.19 8.19 8.19 8.19 8.19 8.19 8.19 8.19 8.19 8.19 8.19 8.19 8.19 8.19 8.19 8.19 8.19 8.19 8.19 8.19 8.19 8.19 8.19 8.19 8.19 8.19 8.19 8.19
8.14 8.14 8.14 8.14 8.14 8.14 8.14 8.14 8.14 8.14 8.14 8.14 8.14 8.14 8.14 8.14 8.14 8.14 8.14 8.14 8.14 8.14 8.14 8.14 8.14 8.14 8.14 8.14 8.14 8.14 8.14 8.14 8.14 8.14 8.14 8.14 8.14 8.14 8.14 8.14 8.14 8.14 8.14 8.14 8.14 8.14 8.14 8.14 8.14 8.14 8.14 8.14 8.14 8.14 8.14 8.14 8.14 8.14 8.14 8.14 8.14 8.14 8.14 8.14 8.14 8.14 8.14 8.14 8.14 8.14 8.14 8.14 8.14 8.14 8.14 8.14 8.14 8.14 8.14 8.14 8.14 8.14 8.14 8.14
8.09 8.09 8.09 8.09 8.09 8.09 8.09 8.09 8.09 8.09 8.09 8.09 8.09 8.09 8.09 8.09 8.09 8.09 8.09 8.09 8.09 8.09 8.09 8.09 8.09 8.09 8.09 8.09 8.09 8.09 8.09 8.09 8.09 8.09 8.09 8.09 8.09 8.09 8.09 8.09 8.09 8.09 8.09 8.09 8.09 8.09 8.09 8.09 8.09 8.09 8.09 8.09 8.09 8.09 8.09 8.09 8.09 8.09 8.09 8.09 8.09 8.09 8.09 8.09 8.09 8.09 8.09 8.09 8.09 8.09 8.09 8.09 8.09 8.09 8.09 8.09 8.09 8.09 8.09 8.09 8.09 8.09 8.09 8.09
8.04 8.04 8.04 8.04 8.04 8.04 8.04 8.04 8.04 8.04 8.04 8.04 8.04 8.04 8.04 8.04 8.04 8.04 8.04 8.04 8.04 8.04 8.04 8.04 8.04 8.04 8.04 8.04 8.04 8.04 8.04 8.04 8.04 8.04 8.04 8.04 8.04 8.04 8.04 8.04 8.04 8.04 8.04 8.04 8.04 8.04 8.04 8.04 8.04 8.04 8.04 8.04 8.04 8.04 8.04 8.04 8.04 8.04 8.04 8.04 8.04 8.04 8.04 8.04 8.04 8.04 8.04 8.04 8.04 8.04 8.04 8.04 8.04 8.04 8.04 8.04 8.04 8.04 8.04 8.04 8.04 8.04 8.04 8.04
7.99 7.99 7.99 7.99 7.99 7.99 7.99 7.99 7.99 7.99 7.99 7.99 7.99 7.99 7.99 7.99 7.99 7.99 7.99 7.99 7.99 7.99 7.99 7.99 7.99 7.99 7.99 7.99 7.99 7.99 7.99 7.99 7.99 7.99 7.99 7.99 7.99 7.99 7.99 7.99 7.99 7.99 7.99 7.99 7.99 7.99 7.99 7.99 7.99 7.99 7.99 7.99 7.99 7.99 7.99 7.99 7.99 7.99 7.99 7.99 7.99 7.99 7.99 7.99 7.99 7.99 7.99 7.99 7.99 7.99 7.99 7.99 7.99 7.99 7.99 7.99 7.99 7.99 7.99 7.99 7.99 7.99 7.99 7.99
7.94 7.94 7.94 7.94 7.94 7.94 7.94 7.94 7.94 7.94 7.94 7.94 7.94 7.94 7.94 7.94 7.94 7.94 7.94 7.94 7.94 7.94 7.94 7.94 7.94 7.94 7.94 7.94 7.94 7.94 7.94 7.94 7.94 7.94 7.94 7.94 7.94 7.94 7.94 7.94 7.94 7.94 7.94 7.94 7.94 7.94 7.94 7.94 7.94 7.94 7.94 7.94 7.94 7.94 7.94 7.94 7.94 7.94 7.94 7.94 7.94 7.94 7.94 7.94 7.94 7.94 7.94 7.94 7.94 7.94 7.94 7.94 7.94 7.94 7.94 7.94 7.94 7.94 7.94 7.94 7.94 7.94 7.94 7.94
7.89 7.89 7.89 7.89 7.89 7.89 7.89 7.89 7.89 7.89 7.89 7.89 7.89 7.89 7.89 7.89 7.89 7.89 7.89 7.89 7.89 7.89 7.89 7.89 7.89 7.89 7.89 7.89 7.89 7.89 7.89 7.89 7.89 7.89 7.89 7.89 7.89 7.89 7.89 7.89 7.89 7.89 7.89 7.89 7.89 7.89 7.89 7.89 7.89 7.89 7.89 7.89 7.89 7.89 7.89 7.89 7.89 7.89 7.89 7.89 7.89 7.89 7.89 7.89 7.89 7.89 7.89 7.89 7.89 7.89 7.89 7.89 7.89 7.89 7.89 7.89 7.89 7.89 7.89 7.89 7.89 7.89 7.89 7.89
7.84 7.84 7.84 7.84 7.84 7.84 7.84 7.84 7.84 7.84 7.84 7.84 7.84 7.84 7.84 7.84 7.84 7.84 7.84 7.84 7.84 7.84 7.84 7.84 7.84 7.84 7.84 7.84 7.84 7.84 7.84 7.84 7.84 7.84 7.84 7.84 7.84 7.84 7.84 7.84 7.84 7.84 7.84 7.84 7.84 7.84 7.84 7.84 7.84 7.84 7.84 7.84 7.84 7.84 7.84 7.84 7.84 7.84 7.84 7.84 7.84 7.84 7.84 7.84 7.84 7.84 7.84 7.84 7.84 7.84 7.84 7.84 7.84 7.84 7.84 7.84 7.84 7.84 7.84 7.84 7.84 7.84 7.84 7.84
7.79 7.79 7.79 7.79 7.79 7.79 7.79 7.79 7.79 7.79 7.79 7.79 7.79 7.79 7.79 7.79 7.79 7.79 7.79 7.79 7.79 7.79 7.79 7.79 7.79 7.79 7.79 7.79 7.79 7.79 7.79 7.79 7.79 7.79 7.79 7.79 7.79 7.79 7.79 7.79 7.79 7.79 7.79 7.79 7.79 7.79 7.79 7.79 7.79 7.79 7.79 7.79 7.79 7.79 7.79 7.79 7.79 7.79 7.79 7.79 7.79 7.79 7.79 7.79 7.79 7.79 7.79 7.79 7.79 7.79 7.79 7.79 7.79 7.79 7.79 7.79 7.79 7.79 7.79 7.79 7.79 7.79 7.79 7.79
7.74 7.74 7.74 7.74 7.74 7.74 7.74 7.74 7.74 7.74 7.74 7.74 7.74 7.74 7.74 7.74 7.74 7.74 7.74 7.74 7.74 7.74 7.74 7.74 7.74 7.74 7.74 7.74 7.74 7.74 7.74 7.74 7.74 7.74 7.74 7.74 7.74 7.74 7.74 7.74 7.74 7.74 7.74 7.74 7.74 7.74 7.74 7.74 7.74 7.74 7.74 7.74 7.74 7.74 7.74 7.74 7.74 7.74 7.74 7.74 7.74 7.74 7.74 7.74 7.74 7.74 7.74 7.74 7.74 7.74 7.74 7.74 7.74 7.74 7.74 7.74 7.74 7.74 7.74 7.74 7.74 7.74 7.74 7.74
7.69 7.69 7.69 7.69 7.69 7.69 7.69 7.69 7.69 7.69 7.69 7.69 7.69 7.69 7.69 7.69 7.69 7.69 7.69 7.69 7.69 7.69 7.69 7.69 7.69 7.69 7.69 7.69 7.69 7.69 7.69 7.69 7.69 7.69 7.69 7.69 7.69 7.69 7.69 7.69 7.69 7.69 7.69 7.69 7.69 7.69 7.69 7.69 7.69 7.69 7.69 7.69 7.69 7.69 7.69 7.69 7.69 7.69 7.69 7.69 7.69 7.69 7.69 7.69 7.69 7.69 7.69 7.69 7.69 7.69 7.69 7.69 7.69 7.69 7.69 7.69 7.69 7.69 7.69 7.69 7.69 7.69 7.69 7.69
7.64 7.64 7.64 7.64 7.64 7.64 7.64 7.64 7.64 7.64 7.64 7.64 7.64 7.64 7.64 7.64 7.64 7.64 7.64 7.64 7.64 7.64 7.64 7.64 7.64 7.64 7.64 7.64 7.64 7.64 7.64 7.64 7.64 7.64 7.64 7.64 7.64 7.64 7.64 7.64 7.64 7.64 7.64 7.64 7.64 7.64 7.64 7.64 7.64 7.64 7.64 7.64 7.64 7.64 7.64 7.64 7.64 7.64 7.64 7.64 7.64 7.64 7.64 7.64 7.64 7.64 7.64 7.64 7.64 7.64 7.64 7.64 7.64 7.64 7.64 7.64 7.64 7.64 7.64 7.64 7.64 7.64 7.64 7.64
7.59 7.59 7.59 7.59 7.59 7.59 7.59 7.59 7.59 7.59 7.59 7.59 7.59 7.59 7.59 7.59 7.59 7.59 7.59 7.59 7.59 7.59 7.59 7.59 7.59 7.59 7.59 7.59 7.59 7.59 7.59 7.59 7.59 7.59 7.59 7.59 7.59 7.59 7.59 7.59 7.59 7.59 7.59 7.59 7.59 7.59 7.59 7.59 7.59 7.59 7.59 7.59 7.59 7.59 7.59 7.59 7.59 7.59 7.59 7.59 7.59 7.59 7.59 7.59 7.59 7.59 7.59 7.59 7.59 7.59 7.59 7.59 7.59 7.59 7.59 7.59 7.59 7.59 7.59 7.59 7.59 7.59 7.59 7.59
7.54 7.54 7.54 7.54 7.54 7.54 7.54 7.54 7.54 7.54 7.54 7.54 7.54 7.54 7.54 7.54 7.54 7.54 7.54 7.54 7.54 7.54 7.54 7.54 7.54 7.54 7.54 7.54 7.54 7.54 7.54 7.54 7.54 7.54 7.54 7.54 7.54 7.54 7.54 7.54 7.54 7.54 7.54 7.54 7.54 7.54 7.54 7.54 7.54 7.54 7.54 7.54 7.54 7.54 7.54 7.54 7.54 7.54 7.54 7.54 7.54 7.54 7.54 7.54 7.54 7.54 7.54 7.54 7.54 7.54 7.54 7.54 7.54 7.54 7.54 7.54 7.54 7.54 7.54 7.54 7.54 7.54 7.54 7.54
7.49 7.49 7.49 7.49 7.49 7.49 7.49 7.49 7.49 7.49 7.49 7.49 7.49 7.49 7.49 7.49 7.49 7.49 7.49 7.49 7.49 7.49 7.49 7.49 7.49 7.49 7.49 7.49 7.49 7.49 7.49 7.49 7.49 7.49 7.49 7.49 7.49 7.49 7.49 7.49 7.49 7.49 7.49 7.49 7.49 7.49 7.49 7.49 7.49 7.49 7.49 7.49 7.49 7.49 7.49 7.49 7.49 7.49 7.49 7.49 7.49 7.49 7.49 7.49 7.49 7.49 7.49 7.49 7.49 7.49 7.49 7.49 7.49 7.49 7.49 7.49 7.49 7.49 7.49 7.49 7.49 7.49 7.49 7.49
7.44 7.44 7.44 7.44 7.44 7.44 7.44 7.44 7.44 7.44 7.44 7.44 7.44 7.44 7.44 7.44 7.44 7.44 7.44 7.44 7.44 7.44 7.44 7.44 7.44 7.44 7.44 7.44 7.44 7.44 7.44 7.44 7.44 7.44 7.44 7.44 7.44 7.44 7.44 7.44 7.44 7.44 7.44 7.44 7.44 7.44 7.44 7.44 7.44 7.44 7.44 7.44 7.44 7.44 7.44 7.44 7.44 7.44 7.44 7.44 7.44 7.44 7.44 7.44 7.44 7.44 7.44 7.44 7.44 7.44 7.44 7.44 7.44 7.44 7.44 7.44 7.44 7.44 7.44 7.44 7.44 7.44 7.44 7.44
7.39 7.39 7.39 7.39 7.39 7.39 7.39 7.39 7.39 7.39 7.39 7.39 7.39 7.39 7.39 7.39 7.39 7.39 7.39 7.39 7.39 7.39 7.39 7.39 7.39 7.39 7.39 7.39 7.39 7.39 7.39 7.39 7.39 7.39 7.39 7.39 7.39 7.39 7.39 7.39 7.39 7.39 7.39 7.39 7.39 7.39 7.39 7.39 7.39 7.39 7.39 7.39 7.39 7.39 7.39 7.39 7.39 7.39 7.39 7.39 7.39 7.39 7.39 7.39 7.39 7.39 7.39 7.39 7.39 7.39 7.39 7.39 7.39 7.39 7.39 7.39 7.39 7.39 7.39 7.39 7.39 7.39 7.39 7.39
7.34 7.34 7.34 7.34 7.34 7.34 7.34 7.34 7.34 7.34 7.34 7.34 7.34 7.34 7.34 7.34 7.34 7.34 7.34 7.34 7.34 7.34 7.34 7.34 7.34 7.34 7.34 7.34 7.34 7.34 7.34 7.34 7.34 7.34 7.34 7.34 7.34 7.34 7.34 7.34 7.34 7.34 7.34 7.34 7.34 7.34 7.34 7.34 7.34 7.34 7.34 7.34 7.34 7.34 7.34 7.34 7.34 7.34 7.34 7.34 7.34 7.34 7.34 7.34 7.34 7.34 7.34 7.34 7.34 7.34 7.34 7.34 7.34 7.34 7.34 7.34 7.34 7.34 7.34 7.34 7.34 7.34 7.34 7.34
7.29 7.29 7.29 7.29 7.29 7.29 7.29 7.29 7.29 7.29 7.29 7.29 7.29 7.29 7.29 7.29 7.29 7.29 7.29 7.29 7.29 7.29 7.29 7.29 7.29 7.29 7.29 7.29 7.29 7.29 7.29 7.29 7.29 7.29 7.29 7.29 7.29 7.29 7.29 7.29 7.29 7.29 7.29 7.29 7.29 7.29 7.29 7.29 7.29 7.29 7.29 7.29 7.29 7.29 7.29 7.29 7.29 7.29 7.29 7.29 7.29 7.29 7.29 7.29 7.29 7.29 7.29 7.29 7.29 7.29 7.29 7.29 7.29 7.29 7.29 7.29 7.29 7.29 7.29 7.29 7.29 7.29 7.29 7.29
7.24 7.24 7.24 7.24 7.24 7.24 7.24 7.24 7.24 7.24 7.24 7.24 7.24 7.24 7.24 7.24 7.24 7.24 7.24 7.24 7.24 7.24 7.24 7.24 7.24 7.24 7.24 7.24 7.24 7.24 7.24 7.24 7.24 7.24 7.24 7.24 7.24 7.24 7.24 7.24 7.24 7.24 7.24 7.24 7.24 7.24 7.24 7.24 7.24 7.24 7.24 7.24 7.24 7.24 7.24 7.24 7.24 7.24 7.24 7.24 7.24 7.24 7.24 7.24 7.24 7.24 7.24 7.24 7.24 7.24 7.24 7.24 7.24 7.24 7.24 7.24 7.24 7.24 7.24 7.24 7.24 7.24 7.24 7.24
7.19 7.19 7.19 7.19 7.19 7.19 7.19 7.19 7.19 7.19 7.19 7.19 7.19 7.19 7.19 7.19 7.19 7.19 7.19 7.19 7.19 7.19 7.19 7.19 7.19 7.19 7.19 7.19 7.19 7.19 7.19 7.19 7.19 7.19 7.19 7.19 7.19 7.19 7.19 7.19 7.19 7.19 7.19 7.19 7.19 7.19 7.19 7.19 7.19 7.19 7.19 7.19 7.19 7.19 7.19 7.19 7.19 7.19 7.19 7.19 7.19 7.19 7.19 7.19 7.19 7.19 7.19 7.19 7.19 7.19 7.19 7.19 7.19 7.19 7.19 7.19 7.19 7.19 7.19 7.19 7.19 7.19 7.19 7.19
7.14 7.14 7.14 7.14 7.14 7.14 7.14 7.14 7.14 7.14 7.14 7.14 7.14 7.14 7.14 7.14 7.14 7.14 7.14 7.14 7.14 7.14 7.14 7.14 7.14 7.14 7.14 7.14 7.14 7.14 7.14 7.14 7.14 7.14 7.14 7.14 7.14 7.14 7.14 7.14 7.14 7.14 7.14 7.14 7.14 7.14 7.14 7.14 7.14 7.14 7.14 7.14 7.14 7.14 7.14 7.14 7.14 7.14 7.14 7.14 7.14 7.14 7.14 7.14 7.14 7.14 7.14 7.14 7.14 7.14 7.14 7.14 7.14 7.14 7.14 7.14 7.14 7.14 7.14 7.14 7.14 7.14 7.14 7.14
7.09 7.09 7.09 7.09 7.09 7.09 7.09 7.09 7.09 7.09 7.09 7.09 7.09 7.09 7.09 7.09 7.09 7.09 7.09 7.09 7.09 7.09 7.09 7.09 7.09 7.09 7.09 7.09 7.09 7.09 7.09 7.09 7.09 7.09 7.09 7.09 7.09 7.09 7.09 7.09 7.09 7.09 7.09 7.09 7.09 7.09 7.09 7.09 7.09 7.09 7.09 7.09 7.09 7.09 7.09 7.09 7.09 7.09 7.09 7.09 7.09 7.09 7.09 7.09 7.09 7.09 7.09 7.09 7.09 7.09 7.09 7.09 7.09 7.09 7.09 7.09 7.09 7.09 7.09 7.09 7.09 7.09 7.09 7.09
7.04 7.04 7.04 7.04 7.04 7.04 7.04 7.04 7.04 7.04 7.04 7.04 7.04 7.04 7.04 7.04 7.04 7.04 7.04 7.04 7.04 7.04 7.04 7.04 7.04 7.04 7.04 7.04 7.04 7.04 7.04 7.04 7.04 7.04 7.04 7.04 7.04 7.04 7.04 7.04 7.04 7.04 7.04 7.04 7.04 7.04 7.04 7.04 7.04 7.04 7.04 7.04 7.04 7.04 7.04 7.04 7.04 7.04 7.04 7.04 7.04 7.04 7.04 7.04 7.04 7.04 7.04 7.04 7.04 7.04 7.04 7.04 7.04 7.04 7.04 7.04 7.04 7.04 7.04 7.04 7.04 7.04 7.04 7.04
6.99 6.99 6.99 6.99 6.99 6.99 6.99 6.99 6.99 6.99 6.99 6.99 6.99 6.99 6.99 6.99 6.99 6.99 6.99 6.99 6.99 6.99 6.99 6.99 6.99 6.99 6.99 6.99 6.99 6.99 6.99 6.99 6.99 6.99 6.99 6.99 6.99 6.99 6.99 6.99 6.99 6.99 6.99 6.99 6.99 6.99 6.99 6.99 6.99 6.99 6.99 6.99 6.99 6.99 6.99 6.99 6.99 6.99 6.99 6.99 6.99 6.99 6.99 6.99 6.99 6.99 6.99 6.99 6.99 6.99 6.99 6.99 6.99 6.99 6.99 6.99 6.99 6.99 6.99 6.99 6.99 6.99 6.99 6.99
6.94 6.94 6.94 6.94 6.94 6.94 6.94 6.94 6.94 6.94 6.94 6.94 6.94 6.94 6.94 6.94 6.94 6.94 6.94 6.94 6.94 6.94 6.94 6.94 6.94 6.94 6.94 6.94 6.94 6.94 6.94 6.94 6.94 6.94 6.94 6.94 6.94 6.94 6.94 6.94 6.94 6.94 6.94 6.94 6.94 6.94 6.94 6.94 6.94 6.94 6.94 6.94 6.94 6.94 6.94 6.94 6.94 6.94 6.94 6.94 6.94 6.94 6.94 6.94 6.94 6.94 6.94 6.94 6.94 6.94 6.94 6.94 6.94 6.94 6.94 6.94 6.94 6.94 6.94 6.94 6.94 6.94 6.94 6.94
6.89 6.89 6.89 6.89 6.89 6.89 6.89 6.89 6.89 6.89 6.89 6.89 6.89 6.89 6.89 6.89 6.89 6.89 6.89 6.89 6.89 6.89 6.89 6.89 6.89 6.89 6.89 6.89 6.89 6.89 6.89 6.89 6.89 6.89 6.89 6.89 6.89 6.89 6.89 6.89 6.89 6.89 6.89 6.89 6.89 6.89 6.89 6.89 6.89 6.89 6.89 6.89 6.89 6.89 6.89 6.89 6.89 6.89 6.89 6.89 6.89 6.89 6.89 6.89 6.89 6.89 6.89 6.89 6.89 6.89 6.89 6.89 6.89 6.89 6.89 6.89 6.89 6.89 6.89 6.89 6.89 6.89 6.89 6.89
6.84 6.84 6.84 6.84 6.84 6.84 6.84 6.84 6.84 6.84 6.84 6.84 6.84 6.84 6.84 6.84 6.84 6.84 6.84 6.84 6.84 6.84 6.84 6.84 6.84 6.84 6.84 6.84 6.84 6.84 6.84 6.84 6.84 6.84 6.84 6.84 6.84 6.84 6.84 6.84 6.84 6.84 6.84 6.84 6.84 6.84 6.84 6.84 6.84 6.84 6.84 6.84 6.84 6.84 6.84 6.84 6.84 6.84 6.84 6.84 6.84 6.84 6.84 6.84 6.84 6.84 6.84 6.84 6.84 6.84 6.84 6.84 6.84 6.84 6.84 6.84 6.84 6.84 6.84 6.84 6.84 6.84 6.84 6.84
6.79 6.79 6.79 6.79 6.79 6.79 6.79 6.79 6.79 6.79 6.79 6.79 6.79 6.79 6.79 6.79 6.79 6.79 6.79 6.79 6.79 6.79 6.79 6.79 6.79 6.79 6.79 6.79 6.79 6.79 6.79 6.79 6.79 6.79 6.79 6.79 6.79 6.79 6.79 6.79 6.79 6.79 6.79 6.79 6.79 6.79 6.79 6.79 6.79 6.79 6.79 6.79 6.79 6.79 6.79 6.79 6.79 6.79 6.79 6.79 6.79 6.79 6.79 6.79 6.79 6.79 6.79 6.79 6.79 6.79 6.79 6.79 6.79 6.79 6.79 6.79 6.79 6.79 6.79 6.79 6.79 6.79 6.79 6.79
6.74 6.74 6.74 6.74 6.74 6.74 6.74 6.74 6.74 6.74 6.74 6.74 6.74 6.74 6.74 6.74 6.74 6.74 6.74 6.74 6.74 6.74 6.74 6.74 6.74 6.74 6.74 6.74 6.74 6.74 6.74 6.74 6.74 6.74 6.74 6.74 6.74 6.74 6.74 6.74 6.74 6.74 6.74 6.74 6.74 6.74 6.74 6.74 6.74 6.74 6.74 6.74 6.74 6.74 6.74 6.74 6.74 6.74 6.74 6.74 6.74 6.74 6.74 6.74 6.74 6.74 6.74 6.74 6.74 6.74 6.74 6.74 6.74 6.74 6.74 6.74 6.74 6.74 6.74 6.74 6.74 6.74 6.74 6.74
6.69 6.69 6.69 6.69 6.69 6.69 6.69 6.69 6.69 6.69 6.69 6.69 6.69 6.69 6.69 6.69 6.69 6.69 6.69 6.69 6.69 6.69 6.69 6.69 6.69 6.69 6.69 6.69 6.69 6.69 6.69 6.69 6.69 6.69 6.69 6.69 6.69 6.69 6.69 6.69 6.69 6.69 6.69 6.69 6.69 6.69 6.69 6.69 6.69 6.69 6.69 6.69 6.69 6.69 6.69 6.69 6.69 6.69 6.69 6.69 6.69 6.69 6.69 6.69 6.69 6.69 6.69 6.69 6.69 6.69 6.69 6.69 6.69 6.69 6.69 6.69 6.69 6.69 6.69 6.69 6.69 6.69 6.69 6.69
6.64 6.64 6.64 6.64 6.64 6.64 6.64 6.64 6.64 6.64 6.64 6.64 6.64 6.64 6.64 6.64 6.64 6.64 6.64 6.64 6.64 6.64 6.64 6.64 6.64 6.64 6.64 6.64 6.64 6.64 6.64 6.64 6.64 6.64 6.64 6.64 6.64 6.64 6.64 6.64 6.64 6.64 6.64 6.64 6.64 6.64 6.64 6.64 6.64 6.64 6.64 6.64 6.64 6.64 6.64 6.64 6.64 6.64 6.64 6.64 6.64 6.64 6.64 6.64 6.64 6.64 6.64 6.64 6.64 6.64 6.64 6.64 6.64 6.64 6.64 6.64 6.64 6.64 6.64 6.64 6.64 6.64 6.64 6.64
6.59 6.59 6.59 6.59 6.59 6.59 6.59 6.59 6.59 6.59 6.59 6.59 6.59 6.59 6.59 6.59 6.59 6.59 6.59 6.59 6.59 6.59 6.59 6.59 6.59 6.59 6.59 6.59 6.59 6.59 6.59 6.59 6.59 6.59 6.59 6.59 6.59 6.59 6.59 6.59 6.59 6.59 6.59 6.59 6.59 6.59 6.59 6.59 6.59 6.59 6.59 6.59 6.59 6.59 6.59 6.59 6.59 6.59 6.59 6.59 6.59 6.59 6.59 6.59 6.59 6.59 6.59 6.59 6.59 6.59 6.59 6.59 6.59 6.59 6.59 6.59 6.59 6.59 6.59 6.59 6.59 6.59 6.59 6.59
6.54 6.54 6.54 6.54 6.54 6.54 6.54 6.54 6.54 6.54 6.54 6.54 6.54 6.54 6.54 6.54 6.54 6.54 6.54 6.54 6.54 6.54 6.54 6.54 6.54 6.54 6.54 6.54 6.54 6.54 6.54 6.54 6.54 6.54 6.54 6.54 6.54 6.54 6.54 6.54 6.54 6.54 6.54 6.54 6.54 6.54 6.54 6.54 6.54 6.54 6.54 6.54 6.54 6.54 6.54 6.54 6.54 6.54 6.54 6.54 6.54 6.54 6.54 6.54 6.54 6.54 6.54 6.54 6.54 6.54 6.54 6.54 6.54 6.54 6.54 6.54 6.54 6.54 6.54 6.54 6.54 6.54 6.54 6.54
6.49 6.49 6.49 6.49 6.49 6.49 6.49 6.49 6.49 6.49 6.49 6.49 6.49 6.49 6.49 6.49 6.49 6.49 6.49 6.49 6.49 6.49 6.49 6.49 6.49 6.49 6.49 6.49 6.49 6.49 6.49 6.49 6.49 6.49 6.49 6.49 6.49 6.49 6.49 6.49 6.49 6.49 6.49 6.49 6.49 6.49 6.49 6.49 6.49 6.49 6.49 6.49 6.49 6.49 6.49 6.49 6.49 6.49 6.49 6.49 6.49 6.49 6.49 6.49 6.49 6.49 6.49 6.49 6.49 6.49 6.49 6.49 6.49 6.49 6.49 6.49 6.49 6.49 6.49 6.49 6.49 6.49 6.49 6.49
6.44 6.44 6.44 6.44 6.44 6.44 6.44 6.44 6.44 6.44 6.44 6.44 6.44 6.44 6.44 6.44 6.44 6.44 6.44 6.44 6.44 6.44 6.44 6.44 6.44 6.44 6.44 6.44 6.44 6.44 6.44 6.44 6.44 6.44 6.44 6.44 6.44 6.44 6.44 6.44 6.44 6.44 6.44 6.44 6.44 6.44 6.44 6.44 6.44 6.44 6.44 6.44 6.44 6.44 6.44 6.44 6.44 6.44 6.44 6.44 6.44 6.44 6.44 6.44 6.44 6.44 6.44 6.44 6.44 6.44 6.44 6.44 6.44 6.44 6.44 6.44 6.44 6.44 6.44 6.44 6.44 6.44 6.44 6.44
6.39 6.39 6.39 6.39 6.39 6.39 6.39 6.39 6.39 6.39 6.39 6.39 6.39 6.39 6.39 6.39 6.39 6.39 6.39 6.39 6.39 6.39 6.39 6.39 6.39 6.39 6.39 6.39 6.39 6.39 6.39 6.39 6.39 6.39 6.39 6.39 6.39 6.39 6.39 6.39 6.39 6.39 6.39 6.39 6.39 6.39 6.39 6.39 6.39 6.39 6.39 6.39 6.39 6.39 6.39 6.39 6.39 6.39 6.39 6.39 6.39 6.39 6.39 6.39 6.39 6.39 6.39 6.39 6.39 6.39 6.39 6.39 6.39 6.39 6.39 6.39 6.39 6.39 6.39 6.39 6.39 6.39 6.39 6.39
6.34 6.34 6.34 6.34 6.34 6.34 6.34 6.34 6.34 6.34 6.34 6.34 6.34 6.34 6.34 6.34 6.34 6.34 6.34 6.34 6.34 6.34 6.34 6.34 6.34 6.34 6.34 6.34 6.34 6.34 6.34 6.34 6.34 6.34 6.34 6.34 6.34 6.34 6.34 6.34 6.34 6.34 6.34 6.34 6.34 6.34 6.34 6.34 6.34 6.34 6.34 6.34 6.34 6.34 6.34 6.34 6.34 6.34 6.34 6.34 6.34 6.34 6.34 6.34 6.34 6.34 6.34 6.34 6.34 6.34 6.34 6.34 6.34 6.34 6.34 6.34 6.34 6.34 6.34 6.34 6.34 6.34 6.34 6.34
