InputData/Validation/Problem3/Slide2/cellsize_0.1/zmax.asc
ncols 	 450 
nrows 	 450 
xllcorner 	 0.00 
yllcorner 	 0.00 
cellsize 	 0.10 
NODATA_value 	 -9999 
[rows 190 to 227 of 450, columns 168 to 251 of 450]
10.10 10.10 10.10 10.10 10.10 10.10 10.10 10.10 10.10 10.10 10.10 10.10 10.10 10.10 10.10 10.10 10.10 10.10 10.10 10.10 10.10 10.10 10.10 10.10 10.10 10.10 10.10 10.10 10.10 10.10 10.10 10.10 10.10 10.10 10.10 10.10 10.10 10.10 10.10 10.10 10.10 10.10 10.10 10.10 10.10 10.10 10.10 10.10 10.10 10.10 10.10 10.10 10.10 10.10 10.10 10.10 10.10 10.10 10.10 10.10 10.10 10.10 10.10 10.10 10.10 10.10 10.10 10.10 10.10 10.10 10.10 10.10 10.10 10.10 10.10 10.10 10.10 10.10 10.10 10.10 10.10 10.10 10.10 10.10
10.05 10.05 10.05 10.05 10.05 10.05 10.05 10.05 10.05 10.05 10.05 10.05 10.05 10.05 10.05 10.05 10.05 10.05 10.05 10.05 10.05 10.05 10.05 10.05 10.05 10.05 10.05 10.05 10.05 10.05 10.05 10.05 10.05 10.05 10.05 10.05 10.05 10.05 10.05 10.05 10.05 10.05 10.05 10.05 10.05 10.05 10.05 10.05 10.05 10.05 10.05 10.05 10.05 10.05 10.05 10.05 10.05 10.05 10.05 10.05 10.05 10.05 10.05 10.05 10.05 10.05 10.05 10.05 10.05 10.05 10.05 10.05 10.05 10.05 10.05 10.05 10.05 10.05 10.05 10.05 10.05 10.05 10.05 10.05
10.00 10.00 10.00 10.00 10.00 10.00 10.00 10.00 10.00 10.00 10.00 10.00 10.00 10.00 10.00 10.00 10.00 10.00 10.00 10.00 10.00 10.00 10.00 10.00 10.00 10.00 10.00 10.00 10.00 10.00 10.00 10.00 10.00 10.00 10.00 10.00 10.00 10.00 10.00 10.00 10.00 10.00 10.00 10.00 10.00 10.00 10.00 10.00 10.00 10.00 10.00 10.00 10.00 10.00 10.00 10.00 10.00 10.00 10.00 10.00 10.00 10.00 10.00 10.00 10.00 10.00 10.00 10.00 10.00 10.00 10.00 10.00 10.00 10.00 10.00 10.00 10.00 10.00 10.00 10.00 10.00 10.00 10.00 10.00
9.95 9.95 9.95 9.95 9.95 9.95 9.95 9.95 9.95 9.95 9.95 9.95 9.95 9.95 9.95 9.95 9.95 9.95 9.95 9.95 9.95 9.95 9.95 9.95 9.95 9.95 9.95 9.95 9.95 9.95 9.95 9.95 9.95 9.95 9.95 9.95 9.95 9.95 9.95 9.95 9.95 9.95 9.95 9.95 9.95 9.95 9.95 9.95 9.95 9.95 9.95 9.95 9.95 9.95 9.95 9.95 9.95 9.95 9.95 9.95 9.95 9.95 9.95 9.95 9.95 9.95 9.95 9.95 9.95 9.95 9.95 9.95 9.95 9.95 9.95 9.95 9.95 9.95 9.95 9.95 9.95 9.95 9.95 9.95
9.90 9.90 9.90 9.90 9.90 9.90 9.90 9.90 9.90 9.90 9.90 9.90 9.90 9.90 9.90 9.90 9.90 9.90 9.90 9.90 9.90 9.90 9.90 9.90 9.90 9.90 9.90 9.90 9.90 9.90 9.90 9.90 9.90 9.90 9.90 9.90 9.90 9.90 9.90 9.90 9.90 9.90 9.90 9.90 9.90 9.90 9.90 9.90 9.90 9.90 9.90 9.90 9.90 9.90 9.90 9.90 9.90 9.90 9.90 9.90 9.90 9.90 9.90 9.90 9.90 9.90 9.90 9.90 9.90 9.90 9.90 9.90 9.90 9.90 9.90 9.90 9.90 9.90 9.90 9.90 9.90 9.90 9.90 9.90
9.85 9.85 9.85 9.85 9.85 9.85 9.85 9.85 9.85 9.85 9.85 9.85 9.85 9.85 9.85 9.85 9.85 9.85 9.85 9.85 9.85 9.85 9.85 9.85 9.85 9.85 9.85 9.85 9.85 9.85 9.85 9.85 9.85 9.85 9.85 9.85 9.85 9.85 9.85 9.85 9.85 9.85 9.85 9.85 9.85 9.85 9.85 9.85 9.85 9.85 9.85 9.85 9.85 9.85 9.85 9.85 9.85 9.85 9.85 9.85 9.85 9.85 9.85 9.85 9.85 9.85 9.85 9.85 9.85 9.85 9.85 9.85 9.85 9.85 9.85 9.85 9.85 9.85 9.85 9.85 9.85 9.85 9.85 9.85
9.80 9.80 9.80 9.80 9.80 9.80 9.80 9.80 9.80 9.80 9.80 9.80 9.80 9.80 9.80 9.80 9.80 9.80 9.80 9.80 9.80 9.80 9.80 9.80 9.80 9.80 9.80 9.80 9.80 9.80 9.80 9.80 9.80 9.80 9.80 9.80 9.80 9.80 9.80 9.80 9.80 9.80 9.80 9.80 9.80 9.80 9.80 9.80 9.80 9.80 9.80 9.80 9.80 9.80 9.80 9.80 9.80 9.80 9.80 9.80 9.80 9.80 9.80 9.80 9.80 9.80 9.80 9.80 9.80 9.80 9.80 9.80 9.80 9.80 9.80 9.80 9.80 9.80 9.80 9.80 9.80 9.80 9.80 9.80
9.75 9.75 9.75 9.75 9.75 9.75 9.75 9.75 9.75 9.75 9.75 9.75 9.75 9.75 9.75 9.75 9.75 9.75 9.75 9.75 9.75 9.75 9.75 9.75 9.75 9.75 9.75 9.75 9.75 9.75 9.75 9.75 9.75 9.75 9.75 9.75 9.75 9.75 9.75 9.75 9.75 9.75 9.75 9.75 9.75 9.75 9.75 9.75 9.75 9.75 9.75 9.75 9.75 9.75 9.75 9.75 9.75 9.75 9.75 9.75 9.75 9.75 9.75 9.75 9.75 9.75 9.75 9.75 9.75 9.75 9.75 9.75 9.75 9.75 9.75 9.75 9.75 9.75 9.75 9.75 9.75 9.75 9.75 9.75
9.70 9.70 9.70 9.70 9.70 9.70 9.70 9.70 9.70 9.70 9.70 9.70 9.70 9.70 9.70 9.70 9.70 9.70 9.70 9.70 9.70 9.70 9.70 9.70 9.70 9.70 9.70 9.70 9.70 9.70 9.70 9.70 9.70 9.70 9.70 9.70 9.70 9.70 9.70 9.70 9.70 9.70 9.70 9.70 9.70 9.70 9.70 9.70 9.70 9.70 9.70 9.70 9.70 9.70 9.70 9.70 9.70 9.70 9.70 9.70 9.70 9.70 9.70 9.70 9.70 9.70 9.70 9.70 9.70 9.70 9.70 9.70 9.70 9.70 9.70 9.70 9.70 9.70 9.70 9.70 9.70 9.70 9.70 9.70
9.64 9.64 9.64 9.64 9.64 9.64 9.64 9.64 9.64 9.64 9.64 9.64 9.64 9.64 9.64 9.64 9.64 9.64 9.64 9.64 9.64 9.64 9.64 9.64 9.64 9.64 9.64 9.64 9.64 9.64 9.64 9.64 9.64 9.64 9.64 9.64 9.64 9.64 9.64 9.64 9.64 9.64 9.64 9.64 9.64 9.64 9.64 9.64 9.64 9.64 9.64 9.64 9.64 9.64 9.64 9.64 9.64 9.64 9.64 9.64 9.64 9.64 9.64 9.64 9.64 9.64 9.64 9.64 9.64 9.64 9.64 9.64 9.64 9.64 9.64 9.64 9.64 9.64 9.64 9.64 9.64 9.64 9.64 9.64
9.59 9.59 9.59 9.59 9.59 9.59 9.59 9.59 9.59 9.59 9.59 9.59 9.59 9.59 9.59 9.59 9.59 9.59 9.59 9.59 9.59 9.59 9.59 9.59 9.59 9.59 9.59 9.59 9.59 9.59 9.59 9.59 9.59 9.59 9.59 9.59 9.59 9.59 9.59 9.59 9.59 9.59 9.59 9.59 9.59 9.59 9.59 9.59 9.59 9.59 9.59 9.59 9.59 9.59 9.59 9.59 9.59 9.59 9.59 9.59 9.59 9.59 9.59 9.59 9.59 9.59 9.59 9.59 9.59 9.59 9.59 9.59 9.59 9.59 9.59 9.59 9.59 9.59 9.59 9.59 9.59 9.59 9.59 9.59
9.54 9.54 9.54 9.54 9.54 9.54 9.54 9.54 9.54 9.54 9.54 9.54 9.54 9.54 9.54 9.54 9.54 9.54 9.54 9.54 9.54 9.54 9.54 9.54 9.54 9.54 9.54 9.54 9.54 9.54 9.54 9.54 9.54 9.54 9.54 9.54 9.54 9.54 9.54 9.54 9.54 9.54 9.54 9.54 9.54 9.54 9.54 9.54 9.54 9.54 9.54 9.54 9.54 9.54 9.54 9.54 9.54 9.54 9.54 9.54 9.54 9.54 9.54 9.54 9.54 9.54 9.54 9.54 9.54 9.54 9.54 9.54 9.54 9.54 9.54 9.54 9.54 9.54 9.54 9.54 9.54 9.54 9.54 9.54
9.49 9.49 9.49 9.49 9.49 9.49 9.49 9.49 9.49 9.49 9.49 9.49 9.49 9.49 9.49 9.49 9.49 9.49 9.49 9.49 9.49 9.49 9.49 9.49 9.49 9.49 9.49 9.49 9.49 9.49 9.49 9.49 9.49 9.49 9.49 9.49 9.49 9.49 9.49 9.49 9.49 9.49 9.49 9.49 9.49 9.49 9.49 9.49 9.49 9.49 9.49 9.49 9.49 9.49 9.49 9.49 9.49 9.49 9.49 9.49 9.49 9.49 9.49 9.49 9.49 9.49 9.49 9.49 9.49 9.49 9.49 9.49 9.49 9.49 9.49 9.49 9.49 9.49 9.49 9.49 9.49 9.49 9.49 9.49
9.44 9.44 9.44 9.44 9.44 9.44 9.44 9.44 9.44 9.44 9.44 9.44 9.44 9.44 9.44 9.44 9.44 9.44 9.44 9.44 9.44 9.44 9.44 9.44 9.44 9.44 9.44 9.44 9.44 9.44 9.44 9.44 9.44 9.44 9.44 9.44 9.44 9.44 9.44 9.44 9.44 9.44 9.44 9.44 9.44 9.44 9.44 9.44 9.44 9.44 9.44 9.44 9.44 9.44 9.44 9.44 9.44 9.44 9.44 9.44 9.44 9.44 9.44 9.44 9.44 9.44 9.44 9.44 9.44 9.44 9.44 9.44 9.44 9.44 9.44 9.44 9.44 9.44 9.44 9.44 9.44 9.44 9.44 9.44
9.39 9.39 9.39 9.39 9.39 9.39 9.39 9.39 9.39 9.39 9.39 9.39 9.39 9.39 9.39 9.39 9.39 9.39 9.39 9.39 9.39 9.39 9.39 9.39 9.39 9.39 9.39 9.39 9.39 9.39 9.39 9.39 9.39 9.39 9.39 9.39 9.39 9.39 9.39 9.39 9.39 9.39 9.39 9.39 9.39 9.39 9.39 9.39 9.39 9.39 9.39 9.39 9.39 9.39 9.39 9.39 9.39 9.39 9.39 9.39 9.39 9.39 9.39 9.39 9.39 9.39 9.39 9.39 9.39 9.39 9.39 9.39 9.39 9.39 9.39 9.39 9.39 9.39 9.39 9.39 9.39 9.39 9.39 9.39
9.34 9.34 9.34 9.34 9.34 9.34 9.34 9.34 9.34 9.34 9.34 9.34 9.34 9.34 9.34 9.34 9.34 9.34 9.34 9.34 9.34 9.34 9.34 9.34 9.34 9.34 9.34 9.34 9.34 9.34 9.34 9.34 9.34 9.34 9.34 9.34 9.34 9.34 9.34 9.34 9.34 9.34 9.34 9.34 9.34 9.34 9.34 9.34 9.34 9.34 9.34 9.34 9.34 9.34 9.34 9.34 9.34 9.34 9.34 9.34 9.34 9.34 9.34 9.34 9.34 9.34 9.34 9.34 9.34 9.34 9.34 9.34 9.34 9.34 9.34 9.34 9.34 9.34 9.34 9.34 9.34 9.34 9.34 9.34
9.29 9.29 9.29 9.29 9.29 9.29 9.29 9.29 9.29 9.29 9.29 9.29 9.29 9.29 9.29 9.29 9.29 9.29 9.29 9.29 9.29 9.29 9.29 9.29 9.29 9.29 9.29 9.29 9.29 9.29 9.29 9.29 9.29 9.29 9.29 9.29 9.29 9.29 9.29 9.29 9.29 9.29 9.29 9.29 9.29 9.29 9.29 9.29 9.29 9.29 9.29 9.29 9.29 9.29 9.29 9.29 9.29 9.29 9.29 9.29 9.29 9.29 9.29 9.29 9.29 9.29 9.29 9.29 9.29 9.29 9.29 9.29 9.29 9.29 9.29 9.29 9.29 9.29 9.29 9.29 9.29 9.29 9.29 9.29
9.24 9.24 9.24 9.24 9.24 9.24 9.24 9.24 9.24 9.24 9.24 9.24 9.24 9.24 9.24 9.24 9.24 9.24 9.24 9.24 9.24 9.24 9.24 9.24 9.24 9.24 9.24 9.24 9.24 9.24 9.24 9.24 9.24 9.24 9.24 9.24 9.24 9.24 9.24 9.24 9.24 9.24 9.24 9.24 9.24 9.24 9.24 9.24 9.24 9.24 9.24 9.24 9.24 9.24 9.24 9.24 9.24 9.24 9.24 9.24 9.24 9.24 9.24 9.24 9.24 9.24 9.24 9.24 9.24 9.24 9.24 9.24 9.24 9.24 9.24 9.24 9.24 9.24 9.24 9.24 9.24 9.24 9.24 9.24
9.19 9.19 9.19 9.19 9.19 9.19 9.19 9.19 9.19 9.19 9.19 9.19 9.19 9.19 9.19 9.19 9.19 9.19 9.19 9.19 9.19 9.19 9.19 9.19 9.19 9.19 9.19 9.19 9.19 9.19 9.19 9.19 9.19 9.19 9.19 9.19 9.19 9.19 9.19 9.19 9.19 9.19 9.19 9.19 9.19 9.19 9.19 9.19 9.19 9.19 9.19 9.19 9.19 9.19 9.19 9.19 9.19 9.19 9.19 9.19 9.19 9.19 9.19 9.19 9.19 9.19 9.19 9.19 9.19 9.19 9.19 9.19 9.19 9.19 9.19 9.19 9.19 9.19 9.19 9.19 9.19 9.19 9.19 9.19
9.14 9.14 9.14 9.14 9.14 9.14 9.14 9.14 9.14 9.14 9.14 9.14 9.14 9.14 9.14 9.14 9.14 9.14 9.14 9.14 9.14 9.14 9.14 9.14 9.14 9.14 9.14 9.14 9.14 9.14 9.14 9.14 9.14 9.14 9.14 9.14 9.14 9.14 9.14 9.14 9.14 9.14 9.14 9.14 9.14 9.14 9.14 9.14 9.14 9.14 9.14 9.14 9.14 9.14 9.14 9.14 9.14 9.14 9.14 9.14 9.14 9.14 9.14 9.14 9.14 9.14 9.14 9.14 9.14 9.14 9.14 9.14 9.14 9.14 9.14 9.14 9.14 9.14 9.14 9.14 9.14 9.14 9.14 9.14
9.09 9.09 9.09 9.09 9.09 9.09 9.09 9.09 9.09 9.09 9.09 9.09 9.09 9.09 9.09 9.09 9.09 9.09 9.09 9.09 9.09 9.09 9.09 9.09 9.09 9.09 9.09 9.09 9.09 9.09 9.09 9.09 9.09 9.09 9.09 9.09 9.09 9.09 9.09 9.09 9.09 9.09 9.09 9.09 9.09 9.09 9.09 9.09 9.09 9.09 9.09 9.09 9.09 9.09 9.09 9.09 9.09 9.09 9.09 9.09 9.09 9.09 9.09 9.09 9.09 9.09 9.09 9.09 9.09 9.09 9.09 9.09 9.09 9.09 9.09 9.09 9.09 9.09 9.09 9.09 9.09 9.09 9.09 9.09
9.04 9.04 9.04 9.04 9.04 9.04 9.04 9.04 9.04 9.04 9.04 9.04 9.04 9.04 9.04 9.04 9.04 9.04 9.04 9.04 9.04 9.04 9.04 9.04 9.04 9.04 9.04 9.04 9.04 9.04 9.04 9.04 9.04 9.04 9.04 9.04 9.04 9.04 9.04 9.04 9.04 9.04 9.04 9.04 9.04 9.04 9.04 9.04 9.04 9.04 9.04 9.04 9.04 9.04 9.04 9.04 9.04 9.04 9.04 9.04 9.04 9.04 9.04 9.04 9.04 9.04 9.04 9.04 9.04 9.04 9.04 9.04 9.04 9.04 9.04 9.04 9.04 9.04 9.04 9.04 9.04 9.04 9.04 9.04
8.99 8.99 8.99 8.99 8.99 8.99 8.99 8.99 8.99 8.99 8.99 8.99 8.99 8.99 8.99 8.99 8.99 8.99 8.99 8.99 8.99 8.99 8.99 8.99 8.99 8.99 8.99 8.99 8.99 8.99 8.99 8.99 8.99 8.99 8.99 8.99 8.99 8.99 8.99 8.99 8.99 8.99 8.99 8.99 8.99 8.99 8.99 8.99 8.99 8.99 8.99 8.99 8.99 8.99 8.99 8.99 8.99 8.99 8.99 8.99 8.99 8.99 8.99 8.99 8.99 8.99 8.99 8.99 8.99 8.99 8.99 8.99 8.99 8.99 8.99 8.99 8.99 8.99 8.99 8.99 8.99 8.99 8.99 8.99
8.94 8.94 8.94 8.94 8.94 8.94 8.94 8.94 8.94 8.94 8.94 8.94 8.94 8.94 8.94 8.94 8.94 8.94 8.94 8.94 8.94 8.94 8.94 8.94 8.94 8.94 8.94 8.94 8.94 8.94 8.94 8.94 8.94 8.94 8.94 8.94 8.94 8.94 8.94 8.94 8.94 8.94 8.94 8.94 8.94 8.94 8.94 8.94 8.94 8.94 8.94 8.94 8.94 8.94 8.94 8.94 8.94 8.94 8.94 8.94 8.94 8.94 8.94 8.94 8.94 8.94 8.94 8.94 8.94 8.94 8.94 8.94 8.94 8.94 8.94 8.94 8.94 8.94 8.94 8.94 8.94 8.94 8.94 8.94
8.89 8.89 8.89 8.89 8.89 8.89 8.89 8.89 8.89 8.89 8.89 8.89 8.89 8.89 8.89 8.89 8.89 8.89 8.89 8.89 8.89 8.89 8.89 8.89 8.89 8.89 8.89 8.89 8.89 8.89 8.89 8.89 8.89 8.89 8.89 8.89 8.89 8.89 8.89 8.89 8.89 8.89 8.89 8.89 8.89 8.89 8.89 8.89 8.89 8.89 8.89 8.89 8.89 8.89 8.89 8.89 8.89 8.89 8.89 8.89 8.89 8.89 8.89 8.89 8.89 8.89 8.89 8.89 8.89 8.89 8.89 8.89 8.89 8.89 8.89 8.89 8.89 8.89 8.89 8.89 8.89 8.89 8.89 8.89
8.84 8.84 8.84 8.84 8.84 8.84 8.84 8.84 8.84 8.84 8.84 8.84 8.84 8.84 8.84 8.84 8.84 8.84 8.84 8.84 8.84 8.84 8.84 8.84 8.84 8.84 8.84 8.84 8.84 8.84 8.84 8.84 8.84 8.84 8.84 8.84 8.84 8.84 8.84 8.84 8.84 8.84 8.84 8.84 8.84 8.84 8.84 8.84 8.84 8.84 8.84 8.84 8.84 8.84 8.84 8.84 8.84 8.84 8.84 8.84 8.84 8.84 8.84 8.84 8.84 8.84 8.84 8.84 8.84 8.84 8.84 8.84 8.84 8.84 8.84 8.84 8.84 8.84 8.84 8.84 8.84 8.84 8.84 8.84
8.79 8.79 8.79 8.79 8.79 8.79 8.79 8.79 8.79 8.79 8.79 8.79 8.79 8.79 8.79 8.79 8.79 8.79 8.79 8.79 8.79 8.79 8.79 8.79 8.79 8.79 8.79 8.79 8.79 8.79 8.79 8.79 8.79 8.79 8.79 8.79 8.79 8.79 8.79 8.79 8.79 8.79 8.79 8.79 8.79 8.79 8.79 8.79 8.79 8.79 8.79 8.79 8.79 8.79 8.79 8.79 8.79 8.79 8.79 8.79 8.79 8.79 8.79 8.79 8.79 8.79 8.79 8.79 8.79 8.79 8.79 8.79 8.79 8.79 8.79 8.79 8.79 8.79 8.79 8.79 8.79 8.79 8.79 8.79
8.74 8.74 8.74 8.74 8.74 8.74 8.74 8.74 8.74 8.74 8.74 8.74 8.74 8.74 8.74 8.74 8.74 8.74 8.74 8.74 8.74 8.74 8.74 8.74 8.74 8.74 8.74 8.74 8.74 8.74 8.74 8.74 8.74 8.74 8.74 8.74 8.74 8.74 8.74 8.74 8.74 8.74 8.74 8.74 8.74 8.74 8.74 8.74 8.74 8.74 8.74 8.74 8.74 8.74 8.74 8.74 8.74 8.74 8.74 8.74 8.74 8.74 8.74 8.74 8.74 8.74 8.74 8.74 8.74 8.74 8.74 8.74 8.74 8.74 8.74 8.74 8.74 8.74 8.74 8.74 8.74 8.74 8.74 8.74
8.69 8.69 8.69 8.69 8.69 8.69 8.69 8.69 8.69 8.69 8.69 8.69 8.69 8.69 8.69 8.69 8.69 8.69 8.69 8.69 8.69 8.69 8.69 8.69 8.69 8.69 8.69 8.69 8.69 8.69 8.69 8.69 8.69 8.69 8.69 8.69 8.69 8.69 8.69 8.69 8.69 8.69 8.69 8.69 8.69 8.69 8.69 8.69 8.69 8.69 8.69 8.69 8.69 8.69 8.69 8.69 8.69 8.69 8.69 8.69 8.69 8.69 8.69 8.69 8.69 8.69 8.69 8.69 8.69 8.69 8.69 8.69 8.69 8.69 8.69 8.69 8.69 8.69 8.69 8.69 8.69 8.69 8.69 8.69
8.64 8.64 8.64 8.64 8.64 8.64 8.64 8.64 8.64 8.64 8.64 8.64 8.64 8.64 8.64 8.64 8.64 8.64 8.64 8.64 8.64 8.64 8.64 8.64 8.64 8.64 8.64 8.64 8.64 8.64 8.64 8.64 8.64 8.64 8.64 8.64 8.64 8.64 8.64 8.64 8.64 8.64 8.64 8.64 8.64 8.64 8.64 8.64 8.64 8.64 8.64 8.64 8.64 8.64 8.64 8.64 8.64 8.64 8.64 8.64 8.64 8.64 8.64 8.64 8.64 8.64 8.64 8.64 8.64 8.64 8.64 8.64 8.64 8.64 8.64 8.64 8.64 8.64 8.64 8.64 8.64 8.64 8.64 8.64
8.59 8.59 8.59 8.59 8.59 8.59 8.59 8.59 8.59 8.59 8.59 8.59 8.59 8.59 8.59 8.59 8.59 8.59 8.59 8.59 8.59 8.59 8.59 8.59 8.59 8.59 8.59 8.59 8.59 8.59 8.59 8.59 8.59 8.59 8.59 8.59 8.59 8.59 8.59 8.59 8.59 8.59 8.59 8.59 8.59 8.59 8.59 8.59 8.59 8.59 8.59 8.59 8.59 8.59 8.59 8.59 8.59 8.59 8.59 8.59 8.59 8.59 8.59 8.59 8.59 8.59 8.59 8.59 8.59 8.59 8.59 8.59 8.59 8.59 8.59 8.59 8.59 8.59 8.59 8.59 8.59 8.59 8.59 8.59
8.54 8.54 8.54 8.54 8.54 8.54 8.54 8.54 8.54 8.54 8.54 8.54 8.54 8.54 8.54 8.54 8.54 8.54 8.54 8.54 8.54 8.54 8.54 8.54 8.54 8.54 8.54 8.54 8.54 8.54 8.54 8.54 8.54 8.54 8.54 8.54 8.54 8.54 8.54 8.54 8.54 8.54 8.54 8.54 8.54 8.54 8.54 8.54 8.54 8.54 8.54 8.54 8.54 8.54 8.54 8.54 8.54 8.54 8.54 8.54 8.54 8.54 8.54 8.54 8.54 8.54 8.54 8.54 8.54 8.54 8.54 8.54 8.54 8.54 8.54 8.54 8.54 8.54 8.54 8.54 8.54 8.54 8.54 8.54
8.49 8.49 8.49 8.49 8.49 8.49 8.49 8.49 8.49 8.49 8.49 8.49 8.49 8.49 8.49 8.49 8.49 8.49 8.49 8.49 8.49 8.49 8.49 8.49 8.49 8.49 8.49 8.49 8.49 8.49 8.49 8.49 8.49 8.49 8.49 8.49 8.49 8.49 8.49 8.49 8.49 8.49 8.49 8.49 8.49 8.49 8.49 8.49 8.49 8.49 8.49 8.49 8.49 8.49 8.49 8.49 8.49 8.49 8.49 8.49 8.49 8.49 8.49 8.49 8.49 8.49 8.49 8.49 8.49 8.49 8.49 8.49 8.49 8.49 8.49 8.49 8.49 8.49 8.49 8.49 8.49 8.49 8.49 8.49
8.44 8.44 8.44 8.44 8.44 8.44 8.44 8.44 8.44 8.44 8.44 8.44 8.44 8.44 8.44 8.44 8.44 8.44 8.44 8.44 8.44 8.44 8.44 8.44 8.44 8.44 8.44 8.44 8.44 8.44 8.44 8.44 8.44 8.44 8.44 8.44 8.44 8.44 8.44 8.44 8.44 8.44 8.44 8.44 8.44 8.44 8.44 8.44 8.44 8.44 8.44 8.44 8.44 8.44 8.44 8.44 8.44 8.44 8.44 8.44 8.44 8.44 8.44 8.44 8.44 8.44 8.44 8.44 8.44 8.44 8.44 8.44 8.44 8.44 8.44 8.44 8.44 8.44 8.44 8.44 8.44 8.44 8.44 8.44
8.39 8.39 8.39 8.39 8.39 8.39 8.39 8.39 8.39 8.39 8.39 8.39 8.39 8.39 8.39 8.39 8.39 8.39 8.39 8.39 8.39 8.39 8.39 8.39 8.39 8.39 8.39 8.39 8.39 8.39 8.39 8.39 8.39 8.39 8.39 8.39 8.39 8.39 8.39 8.39 8.39 8.39 8.39 8.39 8.39 8.39 8.39 8.39 8.39 8.39 8.39 8.39 8.39 8.39 8.39 8.39 8.39 8.39 8.39 8.39 8.39 8.39 8.39 8.39 8.39 8.39 8.39 8.39 8.39 8.39 8.39 8.39 8.39 8.39 8.39 8.39 8.39 8.39 8.39 8.39 8.39 8.39 8.39 8.39
8.34 8.34 8.34 8.34 8.34 8.34 8.34 8.34 8.34 8.34 8.34 8.34 8.34 8.34 8.34 8.34 8.34 8.34 8.34 8.34 8.34 8.34 8.34 8.34 8.34 8.34 8.34 8.34 8.34 8.34 8.34 8.34 8.34 8.34 8.34 8.34 8.34 8.34 8.34 8.34 8.34 8.34 8.34 8.34 8.34 8.34 8.34 8.34 8.34 8.34 8.34 8.34 8.34 8.34 8.34 8.34 8.34 8.34 8.34 8.34 8.34 8.34 8.34 8.34 8.34 8.34 8.34 8.34 8.34 8.34 8.34 8.34 8.34 8.34 8.34 8.34 8.34 8.34 8.34 8.34 8.34 8.34 8.34 8.34
8.29 8.29 8.29 8.29 8.29 8.29 8.29 8.29 8.29 8.29 8.29 8.29 8.29 8.29 8.29 8.29 8.29 8.29 8.29 8.29 8.29 8.29 8.29 8.29 8.29 8.29 8.29 8.29 8.29 8.29 8.29 8.29 8.29 8.29 8.29 8.29 8.29 8.29 8.29 8.29 8.29 8.29 8.29 8.29 8.29 8.29 8.29 8.29 8.29 8.29 8.29 8.29 8.29 8.29 8.29 8.29 8.29 8.29 8.29 8.29 8.29 8.29 8.29 8.29 8.29 8.29 8.29 8.29 8.29 8.29 8.29 8.29 8.29 8.29 8.29 8.29 8.29 8.29 8.29 8.29 8.29 8.29 8.29 8.29
8.24 8.24 8.24 8.24 8.24 8.24 8.24 8.24 8.24 8.24 8.24 8.24 8.24 8.24 8.24 8.24 8.24 8.24 8.24 8.24 8.24 8.24 8.24 8.24 8.24 8.24 8.24 8.24 8.24 8.24 8.24 8.24 8.24 8.24 8.24 8.24 8.24 8.24 8.24 8.24 8.24 8.24 8.24 8.24 8.24 8.24 8.24 8.24 8.24 8.24 8.24 8.24 8.24 8.24 8.24 8.24 8.24 8.24 8.24 8.24 8.24 8.24 8.24 8.24 8.24 8.24 8.24 8.24 8.24 8.24 8.24 8.24 8.24 8.24 8.24 8.24 8.24 8.24 8.24 8.24 8.24 8.24 8.24 8.24
