InputData/Validation/Problem3/Slide2/cellsize_0.1/zmax.asc
ncols 	 450 
nrows 	 450 
xllcorner 	 0.00 
yllcorner 	 0.00 
cellsize 	 0.10 
NODATA_value 	 -9999 
[rows 266 to 303 of 450, columns 252 to 335 of 450]
6.29 6.29 6.29 6.29 6.29 6.29 6.29 6.29 6.29 6.29 6.29 6.29 6.29 6.29 6.29 6.29 6.29 6.29 6.29 6.29 6.29 6.29 6.29 6.29 6.29 6.29 6.29 6.29 6.29 6.29 6.29 6.29 6.29 6.29 6.29 6.29 6.29 6.29 6.29 6.29 6.29 6.29 6.29 6.29 6.29 6.29 6.29 6.29 6.29 6.29 6.29 6.29 6.29 6.29 6.29 6.29 6.29 6.29 6.29 6.29 6.29 6.29 6.29 6.29 6.29 6.29 6.29 6.29 6.29 6.29 6.29 6.29 6.29 6.29 6.29 6.29 6.29 6.29 6.29 6.29 6.29 6.29 6.29 6.29
6.24 6.24 6.24 6.24 6.24 6.24 6.24 6.24 6.24 6.24 6.24 6.24 6.24 6.24 6.24 6.24 6.24 6.24 6.24 6.24 6.24 6.24 6.24 6.24 6.24 6.24 6.24 6.24 6.24 6.24 6.24 6.24 6.24 6.24 6.24 6.24 6.24 6.24 6.24 6.24 6.24 6.24 6.24 6.24 6.24 6.24 6.24 6.24 6.24 6.24 6.24 6.24 6.24 6.24 6.24 6.24 6.24 6.24 6.24 6.24 6.24 6.24 6.24 6.24 6.24 6.24 6.24 6.24 6.24 6.24 6.24 6.24 6.24 6.24 6.24 6.24 6.24 6.24 6.24 6.24 6.24 6.24 6.24 6.24
6.19 6.19 6.19 6.19 6.19 6.19 6.19 6.19 6.19 6.19 6.19 6.19 6.19 6.19 6.19 6.19 6.19 6.19 6.19 6.19 6.19 6.19 6.19 6.19 6.19 6.19 6.19 6.19 6.19 6.19 6.19 6.19 6.19 6.19 6.19 6.19 6.19 6.19 6.19 6.19 6.19 6.19 6.19 6.19 6.19 6.19 6.19 6.19 6.19 6.19 6.19 6.19 6.19 6.19 6.19 6.19 6.19 6.19 6.19 6.19 6.19 6.19 6.19 6.19 6.19 6.19 6.19 6.19 6.19 6.19 6.19 6.19 6.19 6.19 6.19 6.19 6.19 6.19 6.19 6.19 6.19 6.19 6.19 6.19
6.14 6.14 6.14 6.14 6.14 6.14 6.14 6.14 6.14 6.14 6.14 6.14 6.14 6.14 6.14 6.14 6.14 6.14 6.14 6.14 6.14 6.14 6.14 6.14 6.14 6.14 6.14 6.14 6.14 6.14 6.14 6.14 6.14 6.14 6.14 6.14 6.14 6.14 6.14 6.14 6.14 6.14 6.14 6.14 6.14 6.14 6.14 6.14 6.14 6.14 6.14 6.14 6.14 6.14 6.14 6.14 6.14 6.14 6.14 6.14 6.14 6.14 6.14 6.14 6.14 6.14 6.14 6.14 6.14 6.14 6.14 6.14 6.14 6.14 6.14 6.14 6.14 6.14 6.14 6.14 6.14 6.14 6.14 6.14
6.09 6.09 6.09 6.09 6.09 6.09 6.09 6.09 6.09 6.09 6.09 6.09 6.09 6.09 6.09 6.09 6.09 6.09 6.09 6.09 6.09 6.09 6.09 6.09 6.09 6.09 6.09 6.09 6.09 6.09 6.09 6.09 6.09 6.09 6.09 6.09 6.09 6.09 6.09 6.09 6.09 6.09 6.09 6.09 6.09 6.09 6.09 6.09 6.09 6.09 6.09 6.09 6.09 6.09 6.09 6.09 6.09 6.09 6.09 6.09 6.09 6.09 6.09 6.09 6.09 6.09 6.09 6.09 6.09 6.09 6.09 6.09 6.09 6.09 6.09 6.09 6.09 6.09 6.09 6.09 6.09 6.09 6.09 6.09
6.04 6.04 6.04 6.04 6.04 6.04 6.04 6.04 6.04 6.04 6.04 6.04 6.04 6.04 6.04 6.04 6.04 6.04 6.04 6.04 6.04 6.04 6.04 6.04 6.04 6.04 6.04 6.04 6.04 6.04 6.04 6.04 6.04 6.04 6.04 6.04 6.04 6.04 6.04 6.04 6.04 6.04 6.04 6.04 6.04 6.04 6.04 6.04 6.04 6.04 6.04 6.04 6.04 6.04 6.04 6.04 6.04 6.04 6.04 6.04 6.04 6.04 6.04 6.04 6.04 6.04 6.04 6.04 6.04 6.04 6.04 6.04 6.04 6.04 6.04 6.04 6.04 6.04 6.04 6.04 6.04 6.04 6.04 6.04
5.99 5.99 5.99 5.99 5.99 5.99 5.99 5.99 5.99 5.99 5.99 5.99 5.99 5.99 5.99 5.99 5.99 5.99 5.99 5.99 5.99 5.99 5.99 5.99 5.99 5.99 5.99 5.99 5.99 5.99 5.99 5.99 5.99 5.99 5.99 5.99 5.99 5.99 5.99 5.99 5.99 5.99 5.99 5.99 5.99 5.99 5.99 5.99 5.99 5.99 5.99 5.99 5.99 5.99 5.99 5.99 5.99 5.99 5.99 5.99 5.99 5.99 5.99 5.99 5.99 5.99 5.99 5.99 5.99 5.99 5.99 5.99 5.99 5.99 5.99 5.99 5.99 5.99 5.99 5.99 5.99 5.99 5.99 5.99
5.94 5.94 5.94 5.94 5.94 5.94 5.94 5.94 5.94 5.94 5.94 5.94 5.94 5.94 5.94 5.94 5.94 5.94 5.94 5.94 5.94 5.94 5.94 5.94 5.94 5.94 5.94 5.94 5.94 5.94 5.94 5.94 5.94 5.94 5.94 5.94 5.94 5.94 5.94 5.94 5.94 5.94 5.94 5.94 5.94 5.94 5.94 5.94 5.94 5.94 5.94 5.94 5.94 5.94 5.94 5.94 5.94 5.94 5.94 5.94 5.94 5.94 5.94 5.94 5.94 5.94 5.94 5.94 5.94 5.94 5.94 5.94 5.94 5.94 5.94 5.94 5.94 5.94 5.94 5.94 5.94 5.94 5.94 5.94
5.89 5.89 5.89 5.89 5.89 5.89 5.89 5.89 5.89 5.89 5.89 5.89 5.89 5.89 5.89 5.89 5.89 5.89 5.89 5.89 5.89 5.89 5.89 5.89 5.89 5.89 5.89 5.89 5.89 5.89 5.89 5.89 5.89 5.89 5.89 5.89 5.89 5.89 5.89 5.89 5.89 5.89 5.89 5.89 5.89 5.89 5.89 5.89 5.89 5.89 5.89 5.89 5.89 5.89 5.89 5.89 5.89 5.89 5.89 5.89 5.89 5.89 5.89 5.89 5.89 5.89 5.89 5.89 5.89 5.89 5.89 5.89 5.89 5.89 5.89 5.89 5.89 5.89 5.89 5.89 5.89 5.89 5.89 5.89
5.84 5.84 5.84 5.84 5.84 5.84 5.84 5.84 5.84 5.84 5.84 5.84 5.84 5.84 5.84 5.84 5.84 5.84 5.84 5.84 5.84 5.84 5.84 5.84 5.84 5.84 5.84 5.84 5.84 5.84 5.84 5.84 5.84 5.84 5.84 5.84 5.84 5.84 5.84 5.84 5.84 5.84 5.84 5.84 5.84 5.84 5.84 5.84 5.84 5.84 5.84 5.84 5.84 5.84 5.84 5.84 5.84 5.84 5.84 5.84 5.84 5.84 5.84 5.84 5.84 5.84 5.84 5.84 5.84 5.84 5.84 5.84 5.84 5.84 5.84 5.84 5.84 5.84 5.84 5.84 5.84 5.84 5.84 5.84
5.79 5.79 5.79 5.79 5.79 5.79 5.79 5.79 5.79 5.79 5.79 5.79 5.79 5.79 5.79 5.79 5.79 5.79 5.79 5.79 5.79 5.79 5.79 5.79 5.79 5.79 5.79 5.79 5.79 5.79 5.79 5.79 5.79 5.79 5.79 5.79 5.79 5.79 5.79 5.79 5.79 5.79 5.79 5.79 5.79 5.79 5.79 5.79 5.79 5.79 5.79 5.79 5.79 5.79 5.79 5.79 5.79 5.79 5.79 5.79 5.79 5.79 5.79 5.79 5.79 5.79 5.79 5.79 5.79 5.79 5.79 5.79 5.79 5.79 5.79 5.79 5.79 5.79 5.79 5.79 5.79 5.79 5.79 5.79
5.74 5.74 5.74 5.74 5.74 5.74 5.74 5.74 5.74 5.74 5.74 5.74 5.74 5.74 5.74 5.74 5.74 5.74 5.74 5.74 5.74 5.74 5.74 5.74 5.74 5.74 5.74 5.74 5.74 5.74 5.74 5.74 5.74 5.74 5.74 5.74 5.74 5.74 5.74 5.74 5.74 5.74 5.74 5.74 5.74 5.74 5.74 5.74 5.74 5.74 5.74 5.74 5.74 5.74 5.74 5.74 5.74 5.74 5.74 5.74 5.74 5.74 5.74 5.74 5.74 5.74 5.74 5.74 5.74 5.74 5.74 5.74 5.74 5.74 5.74 5.74 5.74 5.74 5.74 5.74 5.74 5.74 5.74 5.74
5.69 5.69 5.69 5.69 5.69 5.69 5.69 5.69 5.69 5.69 5.69 5.69 5.69 5.69 5.69 5.69 5.69 5.69 5.69 5.69 5.69 5.69 5.69 5.69 5.69 5.69 5.69 5.69 5.69 5.69 5.69 5.69 5.69 5.69 5.69 5.69 5.69 5.69 5.69 5.69 5.69 5.69 5.69 5.69 5.69 5.69 5.69 5.69 5.69 5.69 5.69 5.69 5.69 5.69 5.69 5.69 5.69 5.69 5.69 5.69 5.69 5.69 5.69 5.69 5.69 5.69 5.69 5.69 5.69 5.69 5.69 5.69 5.69 5.69 5.69 5.69 5.69 5.69 5.69 5.69 5.69 5.69 5.69 5.69
5.64 5.64 5.64 5.64 5.64 5.64 5.64 5.64 5.64 5.64 5.64 5.64 5.64 5.64 5.64 5.64 5.64 5.64 5.64 5.64 5.64 5.64 5.64 5.64 5.64 5.64 5.64 5.64 5.64 5.64 5.64 5.64 5.64 5.64 5.64 5.64 5.64 5.64 5.64 5.64 5.64 5.64 5.64 5.64 5.64 5.64 5.64 5.64 5.64 5.64 5.64 5.64 5.64 5.64 5.64 5.64 5.64 5.64 5.64 5.64 5.64 5.64 5.64 5.64 5.64 5.64 5.64 5.64 5.64 5.64 5.64 5.64 5.64 5.64 5.64 5.64 5.64 5.64 5.64 5.64 5.64 5.64 5.64 5.64
5.59 5.59 5.59 5.59 5.59 5.59 5.59 5.59 5.59 5.59 5.59 5.59 5.59 5.59 5.59 5.59 5.59 5.59 5.59 5.59 5.59 5.59 5.59 5.59 5.59 5.59 5.59 5.59 5.59 5.59 5.59 5.59 5.59 5.59 5.59 5.59 5.59 5.59 5.59 5.59 5.59 5.59 5.59 5.59 5.59 5.59 5.59 5.59 5.59 5.59 5.59 5.59 5.59 5.59 5.59 5.59 5.59 5.59 5.59 5.59 5.59 5.59 5.59 5.59 5.59 5.59 5.59 5.59 5.59 5.59 5.59 5.59 5.59 5.59 5.59 5.59 5.59 5.59 5.59 5.59 5.59 5.59 5.59 5.59
5.54 5.54 5.54 5.54 5.54 5.54 5.54 5.54 5.54 5.54 5.54 5.54 5.54 5.54 5.54 5.54 5.54 5.54 5.54 5.54 5.54 5.54 5.54 5.54 5.54 5.54 5.54 5.54 5.54 5.54 5.54 5.54 5.54 5.54 5.54 5.54 5.54 5.54 5.54 5.54 5.54 5.54 5.54 5.54 5.54 5.54 5.54 5.54 5.54 5.54 5.54 5.54 5.54 5.54 5.54 5.54 5.54 5.54 5.54 5.54 5.54 5.54 5.54 5.54 5.54 5.54 5.54 5.54 5.54 5.54 5.54 5.54 5.54 5.54 5.54 5.54 5.54 5.54 5.54 5.54 5.54 5.54 5.54 5.54
5.49 5.49 5.49 5.49 5.49 5.49 5.49 5.49 5.49 5.49 5.49 5.49 5.49 5.49 5.49 5.49 5.49 5.49 5.49 5.49 5.49 5.49 5.49 5.49 5.49 5.49 5.49 5.49 5.49 5.49 5.49 5.49 5.49 5.49 5.49 5.49 5.49 5.49 5.49 5.49 5.49 5.49 5.49 5.49 5.49 5.49 5.49 5.49 5.49 5.49 5.49 5.49 5.49 5.49 5.49 5.49 5.49 5.49 5.49 5.49 5.49 5.49 5.49 5.49 5.49 5.49 5.49 5.49 5.49 5.49 5.49 5.49 5.49 5.49 5.49 5.49 5.49 5.49 5.49 5.49 5.49 5.49 5.49 5.49
5.44 5.44 5.44 5.44 5.44 5.44 5.44 5.44 5.44 5.44 5.44 5.44 5.44 5.44 5.44 5.44 5.44 5.44 5.44 5.44 5.44 5.44 5.44 5.44 5.44 5.44 5.44 5.44 5.44 5.44 5.44 5.44 5.44 5.44 5.44 5.44 5.44 5.44 5.44 5.44 5.44 5.44 5.44 5.44 5.44 5.44 5.44 5.44 5.44 5.44 5.44 5.44 5.44 5.44 5.44 5.44 5.44 5.44 5.44 5.44 5.44 5.44 5.44 5.44 5.44 5.44 5.44 5.44 5.44 5.44 5.44 5.44 5.44 5.44 5.44 5.44 5.44 5.44 5.44 5.44 5.44 5.44 5.44 5.44
5.39 5.39 5.39 5.39 5.39 5.39 5.39 5.39 5.39 5.39 5.39 5.39 5.39 5.39 5.39 5.39 5.39 5.39 5.39 5.39 5.39 5.39 5.39 5.39 5.39 5.39 5.39 5.39 5.39 5.39 5.39 5.39 5.39 5.39 5.39 5.39 5.39 5.39 5.39 5.39 5.39 5.39 5.39 5.39 5.39 5.39 5.39 5.39 5.39 5.39 5.39 5.39 5.39 5.39 5.39 5.39 5.39 5.39 5.39 5.39 5.39 5.39 5.39 5.39 5.39 5.39 5.39 5.39 5.39 5.39 5.39 5.39 5.39 5.39 5.39 5.39 5.39 5.39 5.39 5.39 5.39 5.39 5.39 5.39
5.34 5.34 5.34 5.34 5.34 5.34 5.34 5.34 5.34 5.34 5.34 5.34 5.34 5.34 5.34 5.34 5.34 5.34 5.34 5.34 5.34 5.34 5.34 5.34 5.34 5.34 5.34 5.34 5.34 5.34 5.34 5.34 5.34 5.34 5.34 5.34 5.34 5.34 5.34 5.34 5.34 5.34 5.34 5.34 5.34 5.34 5.34 5.34 5.34 5.34 5.34 5.34 5.34 5.34 5.34 5.34 5.34 5.34 5.34 5.34 5.34 5.34 5.34 5.34 5.34 5.34 5.34 5.34 5.34 5.34 5.34 5.34 5.34 5.34 5.34 5.34 5.34 5.34 5.34 5.34 5.34 5.34 5.34 5.34
5.29 5.29 5.29 5.29 5.29 5.29 5.29 5.29 5.29 5.29 5.29 5.29 5.29 5.29 5.29 5.29 5.29 5.29 5.29 5.29 5.29 5.29 5.29 5.29 5.29 5.29 5.29 5.29 5.29 5.29 5.29 5.29 5.29 5.29 5.29 5.29 5.29 5.29 5.29 5.29 5.29 5.29 5.29 5.29 5.29 5.29 5.29 5.29 5.29 5.29 5.29 5.29 5.29 5.29 5.29 5.29 5.29 5.29 5.29 5.29 5.29 5.29 5.29 5.29 5.29 5.29 5.29 5.29 5.29 5.29 5.29 5.29 5.29 5.29 5.29 5.29 5.29 5.29 5.29 5.29 5.29 5.29 5.29 5.29
5.24 5.24 5.24 5.24 5.24 5.24 5.24 5.24 5.24 5.24 5.24 5.24 5.24 5.24 5.24 5.24 5.24 5.24 5.24 5.24 5.24 5.24 5.24 5.24 5.24 5.24 5.24 5.24 5.24 5.24 5.24 5.24 5.24 5.24 5.24 5.24 5.24 5.24 5.24 5.24 5.24 5.24 5.24 5.24 5.24 5.24 5.24 5.24 5.24 5.24 5.24 5.24 5.24 5.24 5.24 5.24 5.24 5.24 5.24 5.24 5.24 5.24 5.24 5.24 5.24 5.24 5.24 5.24 5.24 5.24 5.24 5.24 5.24 5.24 5.24 5.24 5.24 5.24 5.24 5.24 5.24 5.24 5.24 5.24
5.19 5.19 5.19 5.19 5.19 5.19 5.19 5.19 5.19 5.19 5.19 5.19 5.19 5.19 5.19 5.19 5.19 5.19 5.19 5.19 5.19 5.19 5.19 5.19 5.19 5.19 5.19 5.19 5.19 5.19 5.19 5.19 5.19 5.19 5.19 5.19 5.19 5.19 5.19 5.19 5.19 5.19 5.19 5.19 5.19 5.19 5.19 5.19 5.19 5.19 5.19 5.19 5.19 5.19 5.19 5.19 5.19 5.19 5.19 5.19 5.19 5.19 5.19 5.19 5.19 5.19 5.19 5.19 5.19 5.19 5.19 5.19 5.19 5.19 5.19 5.19 5.19 5.19 5.19 5.19 5.19 5.19 5.19 5.19
5.14 5.14 5.14 5.14 5.14 5.14 5.14 5.14 5.14 5.14 5.14 5.14 5.14 5.14 5.14 5.14 5.14 5.14 5.14 5.14 5.14 5.14 5.14 5.14 5.14 5.14 5.14 5.14 5.14 5.14 5.14 5.14 5.14 5.14 5.14 5.14 5.14 5.14 5.14 5.14 5.14 5.14 5.14 5.14 5.14 5.14 5.14 5.14 5.14 5.14 5.14 5.14 5.14 5.14 5.14 5.14 5.14 5.14 5.14 5.14 5.14 5.14 5.14 5.14 5.14 5.14 5.14 5.14 5.14 5.14 5.14 5.14 5.14 5.14 5.14 5.14 5.14 5.14 5.14 5.14 5.14 5.14 5.14 5.14
5.09 5.09 5.09 5.09 5.09 5.09 5.09 5.09 5.09 5.09 5.09 5.09 5.09 5.09 5.09 5.09 5.09 5.09 5.09 5.09 5.09 5.09 5.09 5.09 5.09 5.09 5.09 5.09 5.09 5.09 5.09 5.09 5.09 5.09 5.09 5.09 5.09 5.09 5.09 5.09 5.09 5.09 5.09 5.09 5.09 5.09 5.09 5.09 5.09 5.09 5.09 5.09 5.09 5.09 5.09 5.09 5.09 5.09 5.09 5.09 5.09 5.09 5.09 5.09 5.09 5.09 5.09 5.09 5.09 5.09 5.09 5.09 5.09 5.09 5.09 5.09 5.09 5.09 5.09 5.09 5.09 5.09 5.09 5.09
5.04 5.04 5.04 5.04 5.04 5.04 5.04 5.04 5.04 5.04 5.04 5.04 5.04 5.04 5.04 5.04 5.04 5.04 5.04 5.04 5.04 5.04 5.04 5.04 5.04 5.04 5.04 5.04 5.04 5.04 5.04 5.04 5.04 5.04 5.04 5.04 5.04 5.04 5.04 5.04 5.04 5.04 5.04 5.04 5.04 5.04 5.04 5.04 5.04 5.04 5.04 5.04 5.04 5.04 5.04 5.04 5.04 5.04 5.04 5.04 5.04 5.04 5.04 5.04 5.04 5.04 5.04 5.04 5.04 5.04 5.04 5.04 5.04 5.04 5.04 5.04 5.04 5.04 5.04 5.04 5.04 5.04 5.04 5.04
4.99 4.99 4.99 4.99 4.99 4.99 4.99 4.99 4.99 4.99 4.99 4.99 4.99 4.99 4.99 4.99 4.99 4.99 4.99 4.99 4.99 4.99 4.99 4.99 4.99 4.99 4.99 4.99 4.99 4.99 4.99 4.99 4.99 4.99 4.99 4.99 4.99 4.99 4.99 4.99 4.99 4.99 4.99 4.99 4.99 4.99 4.99 4.99 4.99 4.99 4.99 4.99 4.99 4.99 4.99 4.99 4.99 4.99 4.99 4.99 4.99 4.99 4.99 4.99 4.99 4.99 4.99 4.99 4.99 4.99 4.99 4.99 4.99 4.99 4.99 4.99 4.99 4.99 4.99 4.99 4.99 4.99 4.99 4.99
4.94 4.94 4.94 4.94 4.94 4.94 4.94 4.94 4.94 4.94 4.94 4.94 4.94 4.94 4.94 4.94 4.94 4.94 4.94 4.94 4.94 4.94 4.94 4.94 4.94 4.94 4.94 4.94 4.94 4.94 4.94 4.94 4.94 4.94 4.94 4.94 4.94 4.94 4.94 4.94 4.94 4.94 4.94 4.94 4.94 4.94 4.94 4.94 4.94 4.94 4.94 4.94 4.94 4.94 4.94 4.94 4.94 4.94 4.94 4.94 4.94 4.94 4.94 4.94 4.94 4.94 4.94 4.94 4.94 4.94 4.94 4.94 4.94 4.94 4.94 4.94 4.94 4.94 4.94 4.94 4.94 4.94 4.94 4.94
4.89 4.89 4.89 4.89 4.89 4.89 4.89 4.89 4.89 4.89 4.89 4.89 4.89 4.89 4.89 4.89 4.89 4.89 4.89 4.89 4.89 4.89 4.89 4.89 4.89 4.89 4.89 4.89 4.89 4.89 4.89 4.89 4.89 4.89 4.89 4.89 4.89 4.89 4.89 4.89 4.89 4.89 4.89 4.89 4.89 4.89 4.89 4.89 4.89 4.89 4.89 4.89 4.89 4.89 4.89 4.89 4.89 4.89 4.89 4.89 4.89 4.89 4.89 4.89 4.89 4.89 4.89 4.89 4.89 4.89 4.89 4.89 4.89 4.89 4.89 4.89 4.89 4.89 4.89 4.89 4.89 4.89 4.89 4.89
4.84 4.84 4.84 4.84 4.84 4.84 4.84 4.84 4.84 4.84 4.84 4.84 4.84 4.84 4.84 4.84 4.84 4.84 4.84 4.84 4.84 4.84 4.84 4.84 4.84 4.84 4.84 4.84 4.84 4.84 4.84 4.84 4.84 4.84 4.84 4.84 4.84 4.84 4.84 4.84 4.84 4.84 4.84 4.84 4.84 4.84 4.84 4.84 4.84 4.84 4.84 4.84 4.84 4.84 4.84 4.84 4.84 4.84 4.84 4.84 4.84 4.84 4.84 4.84 4.84 4.84 4.84 4.84 4.84 4.84 4.84 4.84 4.84 4.84 4.84 4.84 4.84 4.84 4.84 4.84 4.84 4.84 4.84 4.84
4.79 4.79 4.79 4.79 4.79 4.79 4.79 4.79 4.79 4.79 4.79 4.79 4.79 4.79 4.79 4.79 4.79 4.79 4.79 4.79 4.79 4.79 4.79 4.79 4.79 4.79 4.79 4.79 4.79 4.79 4.79 4.79 4.79 4.79 4.79 4.79 4.79 4.79 4.79 4.79 4.79 4.79 4.79 4.79 4.79 4.79 4.79 4.79 4.79 4.79 4.79 4.79 4.79 4.79 4.79 4.79 4.79 4.79 4.79 4.79 4.79 4.79 4.79 4.79 4.79 4.79 4.79 4.79 4.79 4.79 4.79 4.79 4.79 4.79 4.79 4.79 4.79 4.79 4.79 4.79 4.79 4.79 4.79 4.79
4.74 4.74 4.74 4.74 4.74 4.74 4.74 4.74 4.74 4.74 4.74 4.74 4.74 4.74 4.74 4.74 4.74 4.74 4.74 4.74 4.74 4.74 4.74 4.74 4.74 4.74 4.74 4.74 4.74 4.74 4.74 4.74 4.74 4.74 4.74 4.74 4.74 4.74 4.74 4.74 4.74 4.74 4.74 4.74 4.74 4.74 4.74 4.74 4.74 4.74 4.74 4.74 4.74 4.74 4.74 4.74 4.74 4.74 4.74 4.74 4.74 4.74 4.74 4.74 4.74 4.74 4.74 4.74 4.74 4.74 4.74 4.74 4.74 4.74 4.74 4.74 4.74 4.74 4.74 4.74 4.74 4.74 4.74 4.74
4.69 4.69 4.69 4.69 4.69 4.69 4.69 4.69 4.69 4.69 4.69 4.69 4.69 4.69 4.69 4.69 4.69 4.69 4.69 4.69 4.69 4.69 4.69 4.69 4.69 4.69 4.69 4.69 4.69 4.69 4.69 4.69 4.69 4.69 4.69 4.69 4.69 4.69 4.69 4.69 4.69 4.69 4.69 4.69 4.69 4.69 4.69 4.69 4.69 4.69 4.69 4.69 4.69 4.69 4.69 4.69 4.69 4.69 4.69 4.69 4.69 4.69 4.69 4.69 4.69 4.69 4.69 4.69 4.69 4.69 4.69 4.69 4.69 4.69 4.69 4.69 4.69 4.69 4.69 4.69 4.69 4.69 4.69 4.69
4.64 4.64 4.64 4.64 4.64 4.64 4.64 4.64 4.64 4.64 4.64 4.64 4.64 4.64 4.64 4.64 4.64 4.64 4.64 4.64 4.64 4.64 4.64 4.64 4.64 4.64 4.64 4.64 4.64 4.64 4.64 4.64 4.64 4.64 4.64 4.64 4.64 4.64 4.64 4.64 4.64 4.64 4.64 4.64 4.64 4.64 4.64 4.64 4.64 4.64 4.64 4.64 4.64 4.64 4.64 4.64 4.64 4.64 4.64 4.64 4.64 4.64 4.64 4.64 4.64 4.64 4.64 4.64 4.64 4.64 4.64 4.64 4.64 4.64 4.64 4.64 4.64 4.64 4.64 4.64 4.64 4.64 4.64 4.64
4.59 4.59 4.59 4.59 4.59 4.59 4.59 4.59 4.59 4.59 4.59 4.59 4.59 4.59 4.59 4.59 4.59 4.59 4.59 4.59 4.59 4.59 4.59 4.59 4.59 4.59 4.59 4.59 4.59 4.59 4.59 4.59 4.59 4.59 4.59 4.59 4.59 4.59 4.59 4.59 4.59 4.59 4.59 4.59 4.59 4.59 4.59 4.59 4.59 4.59 4.59 4.59 4.59 4.59 4.59 4.59 4.59 4.59 4.59 4.59 4.59 4.59 4.59 4.59 4.59 4.59 4.59 4.59 4.59 4.59 4.59 4.59 4.59 4.59 4.59 4.59 4.59 4.59 4.59 4.59 4.59 4.59 4.59 4.59
4.54 4.54 4.54 4.54 4.54 4.54 4.54 4.54 4.54 4.54 4.54 4.54 4.54 4.54 4.54 4.54 4.54 4.54 4.54 4.54 4.54 4.54 4.54 4.54 4.54 4.54 4.54 4.54 4.54 4.54 4.54 4.54 4.54 4.54 4.54 4.54 4.54 4.54 4.54 4.54 4.54 4.54 4.54 4.54 4.54 4.54 4.54 4.54 4.54 4.54 4.54 4.54 4.54 4.54 4.54 4.54 4.54 4.54 4.54 4.54 4.54 4.54 4.54 4.54 4.54 4.54 4.54 4.54 4.54 4.54 4.54 4.54 4.54 4.54 4.54 4.54 4.54 4.54 4.54 4.54 4.54 4.54 4.54 4.54
4.49 4.49 4.49 4.49 4.49 4.49 4.49 4.49 4.49 4.49 4.49 4.49 4.49 4.49 4.49 4.49 4.49 4.49 4.49 4.49 4.49 4.49 4.49 4.49 4.49 4.49 4.49 4.49 4.49 4.49 4.49 4.49 4.49 4.49 4.49 4.49 4.49 4.49 4.49 4.49 4.49 4.49 4.49 4.49 4.49 4.49 4.49 4.49 4.49 4.49 4.49 4.49 4.49 4.49 4.49 4.49 4.49 4.49 4.49 4.49 4.49 4.49 4.49 4.49 4.49 4.49 4.49 4.49 4.49 4.49 4.49 4.49 4.49 4.49 4.49 4.49 4.49 4.49 4.49 4.49 4.49 4.49 4.49 4.49
4.44 4.44 4.44 4.44 4.44 4.44 4.44 4.44 4.44 4.44 4.44 4.44 4.44 4.44 4.44 4.44 4.44 4.44 4.44 4.44 4.44 4.44 4.44 4.44 4.44 4.44 4.44 4.44 4.44 4.44 4.44 4.44 4.44 4.44 4.44 4.44 4.44 4.44 4.44 4.44 4.44 4.44 4.44 4.44 4.44 4.44 4.44 4.44 4.44 4.44 4.44 4.44 4.44 4.44 4.44 4.44 4.44 4.44 4.44 4.44 4.44 4.44 4.44 4.44 4.44 4.44 4.44 4.44 4.44 4.44 4.44 4.44 4.44 4.44 4.44 4.44 4.44 4.44 4.44 4.44 4.44 4.44 4.44 4.44
