InputData/Validation/Problem3/Slide2/cellsize_0.5/dem.asc
ncols 	 90 
nrows 	 90 
xllcorner 	 0.00 
yllcorner 	 0.00 
cellsize 	 0.50 
NODATA_value 	 -9999 
[rows 35 to 69 of 90, columns 0 to 78 of 90]
16.48 16.48 16.48 16.48 16.48 16.48 16.48 16.48 16.48 16.48 16.48 16.48 16.48 16.48 16.48 16.48 16.48 16.48 16.48 16.48 16.48 16.48 16.48 16.48 16.48 16.48 16.48 16.48 16.48 16.48 16.48 16.48 16.48 16.48 16.48 16.48 16.48 16.48 16.48 16.48 16.48 16.48 16.48 16.48 16.48 16.48 16.48 16.48 16.48 16.48 16.48 16.48 16.48 16.48 16.48 16.48 16.48 16.48 16.48 16.48 16.48 16.48 16.48 16.48 16.48 16.48 16.48 16.48 16.48 16.48 16.48 16.48 16.48 16.48 16.48 16.48 16.48 16.48 16.48
16.23 16.23 16.23 16.23 16.23 16.23 16.23 16.23 16.23 16.23 16.23 16.23 16.23 16.23 16.23 16.23 16.23 16.23 16.23 16.23 16.23 16.23 16.23 16.23 16.23 16.23 16.23 16.23 16.23 16.23 16.23 16.23 16.23 16.23 16.23 16.23 16.23 16.23 16.23 16.23 16.23 16.23 16.23 16.23 16.23 16.23 16.23 16.23 16.23 16.23 16.23 16.23 16.23 16.23 16.23 16.23 16.23 16.23 16.23 16.23 16.23 16.23 16.23 16.23 16.23 16.23 16.23 16.23 16.23 16.23 16.23 16.23 16.23 16.23 16.23 16.23 16.23 16.23 16.23
15.97 15.97 15.97 15.97 15.97 15.97 15.97 15.97 15.97 15.97 15.97 15.97 15.97 15.97 15.97 15.97 15.97 15.97 15.97 15.97 15.97 15.97 15.97 15.97 15.97 15.97 15.97 15.97 15.97 15.97 15.97 15.97 15.97 15.97 15.97 15.97 15.97 15.97 15.97 15.97 15.97 15.97 15.97 15.97 15.97 15.97 15.97 15.97 15.97 15.97 15.97 15.97 15.97 15.97 15.97 15.97 15.97 15.97 15.97 15.97 15.97 15.97 15.97 15.97 15.97 15.97 15.97 15.97 15.97 15.97 15.97 15.97 15.97 15.97 15.97 15.97 15.97 15.97 15.97
15.72 15.72 15.72 15.72 15.72 15.72 15.72 15.72 15.72 15.72 15.72 15.72 15.72 15.72 15.72 15.72 15.72 15.72 15.72 15.72 15.72 15.72 15.72 15.72 15.72 15.72 15.72 15.72 15.72 15.72 15.72 15.72 15.72 15.72 15.72 15.72 15.72 15.72 15.72 15.72 15.72 15.72 15.72 15.72 15.72 15.72 15.72 15.72 15.72 15.72 15.72 15.72 15.72 15.72 15.72 15.72 15.72 15.72 15.72 15.72 15.72 15.72 15.72 15.72 15.72 15.72 15.72 15.72 15.72 15.72 15.72 15.72 15.72 15.72 15.72 15.72 15.72 15.72 15.72
15.47 15.47 15.47 15.47 15.47 15.47 15.47 15.47 15.47 15.47 15.47 15.47 15.47 15.47 15.47 15.47 15.47 15.47 15.47 15.47 15.47 15.47 15.47 15.47 15.47 15.47 15.47 15.47 15.47 15.47 15.47 15.47 15.47 15.47 15.47 15.47 15.47 15.47 15.47 15.47 15.47 15.47 15.47 15.47 15.47 15.47 15.47 15.47 15.47 15.47 15.47 15.47 15.47 15.47 15.47 15.47 15.47 15.47 15.47 15.47 15.47 15.47 15.47 15.47 15.47 15.47 15.47 15.47 15.47 15.47 15.47 15.47 15.47 15.47 15.47 15.47 15.47 15.47 15.47
15.22 15.22 15.22 15.22 15.22 15.22 15.22 15.22 15.22 15.22 15.22 15.22 15.22 15.22 15.22 15.22 15.22 15.22 15.22 15.22 15.22 15.22 15.22 15.22 15.22 15.22 15.22 15.22 15.22 15.22 15.22 15.22 15.22 15.22 15.22 15.22 15.22 15.22 15.22 15.22 15.22 15.22 15.22 15.22 15.22 15.22 15.22 15.22 15.22 15.22 15.22 15.22 15.22 15.22 15.22 15.22 15.22 15.22 15.22 15.22 15.22 15.22 15.22 15.22 15.22 15.22 15.22 15.22 15.22 15.22 15.22 15.22 15.22 15.22 15.22 15.22 15.22 15.22 15.22
14.97 14.97 14.97 14.97 14.97 14.97 14.97 14.97 14.97 14.97 14.97 14.97 14.97 14.97 14.97 14.97 14.97 14.97 14.97 14.97 14.97 14.97 14.97 14.97 14.97 14.97 14.97 14.97 14.97 14.97 14.97 14.97 14.97 14.97 14.97 14.97 14.97 14.97 14.97 14.97 14.97 14.97 14.97 14.97 14.97 14.97 14.97 14.97 14.97 14.97 14.97 14.97 14.97 14.97 14.97 14.97 14.97 14.97 14.97 14.97 14.97 14.97 14.97 14.97 14.97 14.97 14.97 14.97 14.97 14.97 14.97 14.97 14.97 14.97 14.97 14.97 14.97 14.97 14.97
14.72 14.72 14.72 14.72 14.72 14.72 14.72 14.72 14.72 14.72 14.72 14.72 14.72 14.72 14.72 14.72 14.72 14.72 14.72 14.72 14.72 14.72 14.72 14.72 14.72 14.72 14.72 14.72 14.72 14.72 14.72 14.72 14.72 14.72 14.72 14.72 14.72 14.72 14.72 14.72 14.72 14.72 14.72 14.72 14.72 14.72 14.72 14.72 14.72 14.72 14.72 14.72 14.72 14.72 14.72 14.72 14.72 14.72 14.72 14.72 14.72 14.72 14.72 14.72 14.72 14.72 14.72 14.72 14.72 14.72 14.72 14.72 14.72 14.72 14.72 14.72 14.72 14.72 14.72
14.47 14.47 14.47 14.47 14.47 14.47 14.47 14.47 14.47 14.47 14.47 14.47 14.47 14.47 14.47 14.47 14.47 14.47 14.47 14.47 14.47 14.47 14.47 14.47 14.47 14.47 14.47 14.47 14.47 14.47 14.47 14.47 14.47 14.47 14.47 14.47 14.47 14.47 14.47 14.47 14.47 14.47 14.47 14.47 14.47 14.47 14.47 14.47 14.47 14.47 14.47 14.47 14.47 14.47 14.47 14.47 14.47 14.47 14.47 14.47 14.47 14.47 14.47 14.47 14.47 14.47 14.47 14.47 14.47 14.47 14.47 14.47 14.47 14.47 14.47 14.47 14.47 14.47 14.47
14.22 14.22 14.22 14.22 14.22 14.22 14.22 14.22 14.22 14.22 14.22 14.22 14.22 14.22 14.22 14.22 14.22 14.22 14.22 14.22 14.22 14.22 14.22 14.22 14.22 14.22 14.22 14.22 14.22 14.22 14.22 14.22 14.22 14.22 14.22 14.22 14.22 14.22 14.22 14.22 14.22 14.22 14.22 14.22 14.22 14.22 14.22 14.22 14.22 14.22 14.22 14.22 14.22 14.22 14.22 14.22 14.22 14.22 14.22 14.22 14.22 14.22 14.22 14.22 14.22 14.22 14.22 14.22 14.22 14.22 14.22 14.22 14.22 14.22 14.22 14.22 14.22 14.22 14.22
13.97 13.97 13.97 13.97 13.97 13.97 13.97 13.97 13.97 13.97 13.97 13.97 13.97 13.97 13.97 13.97 13.97 13.97 13.97 13.97 13.97 13.97 13.97 13.97 13.97 13.97 13.97 13.97 13.97 13.97 13.97 13.97 13.97 13.97 13.97 13.97 13.97 13.97 13.97 13.97 13.97 13.97 13.97 13.97 13.97 13.97 13.97 13.97 13.97 13.97 13.97 13.97 13.97 13.97 13.97 13.97 13.97 13.97 13.97 13.97 13.97 13.97 13.97 13.97 13.97 13.97 13.97 13.97 13.97 13.97 13.97 13.97 13.97 13.97 13.97 13.97 13.97 13.97 13.97
13.72 13.72 13.72 13.72 13.72 13.72 13.72 13.72 13.72 13.72 13.72 13.72 13.72 13.72 13.72 13.72 13.72 13.72 13.72 13.72 13.72 13.72 13.72 13.72 13.72 13.72 13.72 13.72 13.72 13.72 13.72 13.72 13.72 13.72 13.72 13.72 13.72 13.72 13.72 13.72 13.72 13.72 13.72 13.72 13.72 13.72 13.72 13.72 13.72 13.72 13.72 13.72 13.72 13.72 13.72 13.72 13.72 13.72 13.72 13.72 13.72 13.72 13.72 13.72 13.72 13.72 13.72 13.72 13.72 13.72 13.72 13.72 13.72 13.72 13.72 13.72 13.72 13.72 13.72
13.47 13.47 13.47 13.47 13.47 13.47 13.47 13.47 13.47 13.47 13.47 13.47 13.47 13.47 13.47 13.47 13.47 13.47 13.47 13.47 13.47 13.47 13.47 13.47 13.47 13.47 13.47 13.47 13.47 13.47 13.47 13.47 13.47 13.47 13.47 13.47 13.47 13.47 13.47 13.47 13.47 13.47 13.47 13.47 13.47 13.47 13.47 13.47 13.47 13.47 13.47 13.47 13.47 13.47 13.47 13.47 13.47 13.47 13.47 13.47 13.47 13.47 13.47 13.47 13.47 13.47 13.47 13.47 13.47 13.47 13.47 13.47 13.47 13.47 13.47 13.47 13.47 13.47 13.47
13.22 13.22 13.22 13.22 13.22 13.22 13.22 13.22 13.22 13.22 13.22 13.22 13.22 13.22 13.22 13.22 13.22 13.22 13.22 13.22 13.22 13.22 13.22 13.22 13.22 13.22 13.22 13.22 13.22 13.22 13.22 13.22 13.22 13.22 13.22 13.22 13.22 13.22 13.22 13.22 13.22 13.22 13.22 13.22 13.22 13.22 13.22 13.22 13.22 13.22 13.22 13.22 13.22 13.22 13.22 13.22 13.22 13.22 13.22 13.22 13.22 13.22 13.22 13.22 13.22 13.22 13.22 13.22 13.22 13.22 13.22 13.22 13.22 13.22 13.22 13.22 13.22 13.22 13.22
12.97 12.97 12.97 12.97 12.97 12.97 12.97 12.97 12.97 12.97 12.97 12.97 12.97 12.97 12.97 12.97 12.97 12.97 12.97 12.97 12.97 12.97 12.97 12.97 12.97 12.97 12.97 12.97 12.97 12.97 12.97 12.97 12.97 12.97 12.97 12.97 12.97 12.97 12.97 12.97 12.97 12.97 12.97 12.97 12.97 12.97 12.97 12.97 12.97 12.97 12.97 12.97 12.97 12.97 12.97 12.97 12.97 12.97 12.97 12.97 12.97 12.97 12.97 12.97 12.97 12.97 12.97 12.97 12.97 12.97 12.97 12.97 12.97 12.97 12.97 12.97 12.97 12.97 12.97
12.72 12.72 12.72 12.72 12.72 12.72 12.72 12.72 12.72 12.72 12.72 12.72 12.72 12.72 12.72 12.72 12.72 12.72 12.72 12.72 12.72 12.72 12.72 12.72 12.72 12.72 12.72 12.72 12.72 12.72 12.72 12.72 12.72 12.72 12.72 12.72 12.72 12.72 12.72 12.72 12.72 12.72 12.72 12.72 12.72 12.72 12.72 12.72 12.72 12.72 12.72 12.72 12.72 12.72 12.72 12.72 12.72 12.72 12.72 12.72 12.72 12.72 12.72 12.72 12.72 12.72 12.72 12.72 12.72 12.72 12.72 12.72 12.72 12.72 12.72 12.72 12.72 12.72 12.72
12.47 12.47 12.47 12.47 12.47 12.47 12.47 12.47 12.47 12.47 12.47 12.47 12.47 12.47 12.47 12.47 12.47 12.47 12.47 12.47 12.47 12.47 12.47 12.47 12.47 12.47 12.47 12.47 12.47 12.47 12.47 12.47 12.47 12.47 12.47 12.47 12.47 12.47 12.47 12.47 12.47 12.47 12.47 12.47 12.47 12.47 12.47 12.47 12.47 12.47 12.47 12.47 12.47 12.47 12.47 12.47 12.47 12.47 12.47 12.47 12.47 12.47 12.47 12.47 12.47 12.47 12.47 12.47 12.47 12.47 12.47 12.47 12.47 12.47 12.47 12.47 12.47 12.47 12.47
12.22 12.22 12.22 12.22 12.22 12.22 12.22 12.22 12.22 12.22 12.22 12.22 12.22 12.22 12.22 12.22 12.22 12.22 12.22 12.22 12.22 12.22 12.22 12.22 12.22 12.22 12.22 12.22 12.22 12.22 12.22 12.22 12.22 12.22 12.22 12.22 12.22 12.22 12.22 12.22 12.22 12.22 12.22 12.22 12.22 12.22 12.22 12.22 12.22 12.22 12.22 12.22 12.22 12.22 12.22 12.22 12.22 12.22 12.22 12.22 12.22 12.22 12.22 12.22 12.22 12.22 12.22 12.22 12.22 12.22 12.22 12.22 12.22 12.22 12.22 12.22 12.22 12.22 12.22
11.97 11.97 11.97 11.97 11.97 11.97 11.97 11.97 11.97 11.97 11.97 11.97 11.97 11.97 11.97 11.97 11.97 11.97 11.97 11.97 11.97 11.97 11.97 11.97 11.97 11.97 11.97 11.97 11.97 11.97 11.97 11.97 11.97 11.97 11.97 11.97 11.97 11.97 11.97 11.97 11.97 11.97 11.97 11.97 11.97 11.97 11.97 11.97 11.97 11.97 11.97 11.97 11.97 11.97 11.97 11.97 11.97 11.97 11.97 11.97 11.97 11.97 11.97 11.97 11.97 11.97 11.97 11.97 11.97 11.97 11.97 11.97 11.97 11.97 11.97 11.97 11.97 11.97 11.97
11.72 11.72 11.72 11.72 11.72 11.72 11.72 11.72 11.72 11.72 11.72 11.72 11.72 11.72 11.72 11.72 11.72 11.72 11.72 11.72 11.72 11.72 11.72 11.72 11.72 11.72 11.72 11.72 11.72 11.72 11.72 11.72 11.72 11.72 11.72 11.72 11.72 11.72 11.72 11.72 11.72 11.72 11.72 11.72 11.72 11.72 11.72 11.72 11.72 11.72 11.72 11.72 11.72 11.72 11.72 11.72 11.72 11.72 11.72 11.72 11.72 11.72 11.72 11.72 11.72 11.72 11.72 11.72 11.72 11.72 11.72 11.72 11.72 11.72 11.72 11.72 11.72 11.72 11.72
11.47 11.47 11.47 11.47 11.47 11.47 11.47 11.47 11.47 11.47 11.47 11.47 11.47 11.47 11.47 11.47 11.47 11.47 11.47 11.47 11.47 11.47 11.47 11.47 11.47 11.47 11.47 11.47 11.47 11.47 11.47 11.47 11.47 11.47 11.47 11.47 11.47 11.47 11.47 11.47 11.47 11.47 11.47 11.47 11.47 11.47 11.47 11.47 11.47 11.47 11.47 11.47 11.47 11.47 11.47 11.47 11.47 11.47 11.47 11.47 11.47 11.47 11.47 11.47 11.47 11.47 11.47 11.47 11.47 11.47 11.47 11.47 11.47 11.47 11.47 11.47 11.47 11.47 11.47
11.22 11.22 11.22 11.22 11.22 11.22 11.22 11.22 11.22 11.22 11.22 11.22 11.22 11.22 11.22 11.22 11.22 11.22 11.22 11.22 11.22 11.22 11.22 11.22 11.22 11.22 11.22 11.22 11.22 11.22 11.22 11.22 11.22 11.22 11.22 11.22 11.22 11.22 11.22 11.22 11.22 11.22 11.22 11.22 11.22 11.22 11.22 11.22 11.22 11.22 11.22 11.22 11.22 11.22 11.22 11.22 11.22 11.22 11.22 11.22 11.22 11.22 11.22 11.22 11.22 11.22 11.22 11.22 11.22 11.22 11.22 11.22 11.22 11.22 11.22 11.22 11.22 11.22 11.22
10.97 10.97 10.97 10.97 10.97 10.97 10.97 10.97 10.97 10.97 10.97 10.97 10.97 10.97 10.97 10.97 10.97 10.97 10.97 10.97 10.97 10.97 10.97 10.97 10.97 10.97 10.97 10.97 10.97 10.97 10.97 10.97 10.97 10.97 10.97 10.97 10.97 10.97 10.97 10.97 10.97 10.97 10.97 10.97 10.97 10.97 10.97 10.97 10.97 10.97 10.97 10.97 10.97 10.97 10.97 10.97 10.97 10.97 10.97 10.97 10.97 10.97 10.97 10.97 10.97 10.97 10.97 10.97 10.97 10.97 10.97 10.97 10.97 10.97 10.97 10.97 10.97 10.97 10.97
10.72 10.72 10.72 10.72 10.72 10.72 10.72 10.72 10.72 10.72 10.72 10.72 10.72 10.72 10.72 10.72 10.72 10.72 10.72 10.72 10.72 10.72 10.72 10.72 10.72 10.72 10.72 10.72 10.72 10.72 10.72 10.72 10.72 10.72 10.72 10.72 10.72 10.72 10.72 10.72 10.72 10.72 10.72 10.72 10.72 10.72 10.72 10.72 10.72 10.72 10.72 10.72 10.72 10.72 10.72 10.72 10.72 10.72 10.72 10.72 10.72 10.72 10.72 10.72 10.72 10.72 10.72 10.72 10.72 10.72 10.72 10.72 10.72 10.72 10.72 10.72 10.72 10.72 10.72
10.47 10.47 10.47 10.47 10.47 10.47 10.47 10.47 10.47 10.47 10.47 10.47 10.47 10.47 10.47 10.47 10.47 10.47 10.47 10.47 10.47 10.47 10.47 10.47 10.47 10.47 10.47 10.47 10.47 10.47 10.47 10.47 10.47 10.47 10.47 10.47 10.47 10.47 10.47 10.47 10.47 10.47 10.47 10.47 10.47 10.47 10.47 10.47 10.47 10.47 10.47 10.47 10.47 10.47 10.47 10.47 10.47 10.47 10.47 10.47 10.47 10.47 10.47 10.47 10.47 10.47 10.47 10.47 10.47 10.47 10.47 10.47 10.47 10.47 10.47 10.47 10.47 10.47 10.47
10.22 10.22 10.22 10.22 10.22 10.22 10.22 10.22 10.22 10.22 10.22 10.22 10.22 10.22 10.22 10.22 10.22 10.22 10.22 10.22 10.22 10.22 10.22 10.22 10.22 10.22 10.22 10.22 10.22 10.22 10.22 10.22 10.22 10.22 10.22 10.22 10.22 10.22 10.22 10.22 10.22 10.22 10.22 10.22 10.22 10.22 10.22 10.22 10.22 10.22 10.22 10.22 10.22 10.22 10.22 10.22 10.22 10.22 10.22 10.22 10.22 10.22 10.22 10.22 10.22 10.22 10.22 10.22 10.22 10.22 10.22 10.22 10.22 10.22 10.22 10.22 10.22 10.22 10.22
9.97 9.97 9.97 9.97 9.97 9.97 9.97 9.97 9.97 9.97 9.97 9.97 9.97 9.97 9.97 9.97 9.97 9.97 9.97 9.97 9.97 9.97 9.97 9.97 9.97 9.97 9.97 9.97 9.97 9.97 9.97 9.97 9.97 9.97 9.97 9.97 9.97 9.97 9.97 9.97 9.97 9.97 9.97 9.97 9.97 9.97 9.97 9.97 9.97 9.97 9.97 9.97 9.97 9.97 9.97 9.97 9.97 9.97 9.97 9.97 9.97 9.97 9.97 9.97 9.97 9.97 9.97 9.97 9.97 9.97 9.97 9.97 9.97 9.97 9.97 9.97 9.97 9.97 9.97
9.72 9.72 9.72 9.72 9.72 9.72 9.72 9.72 9.72 9.72 9.72 9.72 9.72 9.72 9.72 9.72 9.72 9.72 9.72 9.72 9.72 9.72 9.72 9.72 9.72 9.72 9.72 9.72 9.72 9.72 9.72 9.72 9.72 9.72 9.72 9.72 9.72 9.72 9.72 9.72 9.72 9.72 9.72 9.72 9.72 9.72 9.72 9.72 9.72 9.72 9.72 9.72 9.72 9.72 9.72 9.72 9.72 9.72 9.72 9.72 9.72 9.72 9.72 9.72 9.72 9.72 9.72 9.72 9.72 9.72 9.72 9.72 9.72 9.72 9.72 9.72 9.72 9.72 9.72
9.47 9.47 9.47 9.47 9.47 9.47 9.47 9.47 9.47 9.47 9.47 9.47 9.47 9.47 9.47 9.47 9.47 9.47 9.47 9.47 9.47 9.47 9.47 9.47 9.47 9.47 9.47 9.47 9.47 9.47 9.47 9.47 9.47 9.47 9.47 9.47 9.47 9.47 9.47 9.47 9.47 9.47 9.47 9.47 9.47 9.47 9.47 9.47 9.47 9.47 9.47 9.47 9.47 9.47 9.47 9.47 9.47 9.47 9.47 9.47 9.47 9.47 9.47 9.47 9.47 9.47 9.47 9.47 9.47 9.47 9.47 9.47 9.47 9.47 9.47 9.47 9.47 9.47 9.47
9.22 9.22 9.22 9.22 9.22 9.22 9.22 9.22 9.22 9.22 9.22 9.22 9.22 9.22 9.22 9.22 9.22 9.22 9.22 9.22 9.22 9.22 9.22 9.22 9.22 9.22 9.22 9.22 9.22 9.22 9.22 9.22 9.22 9.22 9.22 9.22 9.22 9.22 9.22 9.22 9.22 9.22 9.22 9.22 9.22 9.22 9.22 9.22 9.22 9.22 9.22 9.22 9.22 9.22 9.22 9.22 9.22 9.22 9.22 9.22 9.22 9.22 9.22 9.22 9.22 9.22 9.22 9.22 9.22 9.22 9.22 9.22 9.22 9.22 9.22 9.22 9.22 9.22 9.22
8.97 8.97 8.97 8.97 8.97 8.97 8.97 8.97 8.97 8.97 8.97 8.97 8.97 8.97 8.97 8.97 8.97 8.97 8.97 8.97 8.97 8.97 8.97 8.97 8.97 8.97 8.97 8.97 8.97 8.97 8.97 8.97 8.97 8.97 8.97 8.97 8.97 8.97 8.97 8.97 8.97 8.97 8.97 8.97 8.97 8.97 8.97 8.97 8.97 8.97 8.97 8.97 8.97 8.97 8.97 8.97 8.97 8.97 8.97 8.97 8.97 8.97 8.97 8.97 8.97 8.97 8.97 8.97 8.97 8.97 8.97 8.97 8.97 8.97 8.97 8.97 8.97 8.97 8.97
8.72 8.72 8.72 8.72 8.72 8.72 8.72 8.72 8.72 8.72 8.72 8.72 8.72 8.72 8.72 8.72 8.72 8.72 8.72 8.72 8.72 8.72 8.72 8.72 8.72 8.72 8.72 8.72 8.72 8.72 8.72 8.72 8.72 8.72 8.72 8.72 8.72 8.72 8.72 8.72 8.72 8.72 8.72 8.72 8.72 8.72 8.72 8.72 8.72 8.72 8.72 8.72 8.72 8.72 8.72 8.72 8.72 8.72 8.72 8.72 8.72 8.72 8.72 8.72 8.72 8.72 8.72 8.72 8.72 8.72 8.72 8.72 8.72 8.72 8.72 8.72 8.72 8.72 8.72
8.47 8.47 8.47 8.47 8.47 8.47 8.47 8.47 8.47 8.47 8.47 8.47 8.47 8.47 8.47 8.47 8.47 8.47 8.47 8.47 8.47 8.47 8.47 8.47 8.47 8.47 8.47 8.47 8.47 8.47 8.47 8.47 8.47 8.47 8.47 8.47 8.47 8.47 8.47 8.47 8.47 8.47 8.47 8.47 8.47 8.47 8.47 8.47 8.47 8.47 8.47 8.47 8.47 8.47 8.47 8.47 8.47 8.47 8.47 8.47 8.47 8.47 8.47 8.47 8.47 8.47 8.47 8.47 8.47 8.47 8.47 8.47 8.47 8.47 8.47 8.47 8.47 8.47 8.47
8.22 8.22 8.22 8.22 8.22 8.22 8.22 8.22 8.22 8.22 8.22 8.22 8.22 8.22 8.22 8.22 8.22 8.22 8.22 8.22 8.22 8.22 8.22 8.22 8.22 8.22 8.22 8.22 8.22 8.22 8.22 8.22 8.22 8.22 8.22 8.22 8.22 8.22 8.22 8.22 8.22 8.22 8.22 8.22 8.22 8.22 8.22 8.22 8.22 8.22 8.22 8.22 8.22 8.22 8.22 8.22 8.22 8.22 8.22 8.22 8.22 8.22 8.22 8.22 8.22 8.22 8.22 8.22 8.22 8.22 8.22 8.22 8.22 8.22 8.22 8.22 8.22 8.22 8.22
7.97 7.97 7.97 7.97 7.97 7.97 7.97 7.97 7.97 7.97 7.97 7.97 7.97 7.97 7.97 7.97 7.97 7.97 7.97 7.97 7.97 7.97 7.97 7.97 7.97 7.97 7.97 7.97 7.97 7.97 7.97 7.97 7.97 7.97 7.97 7.97 7.97 7.97 7.97 7.97 7.97 7.97 7.97 7.97 7.97 7.97 7.97 7.97 7.97 7.97 7.97 7.97 7.97 7.97 7.97 7.97 7.97 7.97 7.97 7.97 7.97 7.97 7.97 7.97 7.97 7.97 7.97 7.97 7.97 7.97 7.97 7.97 7.97 7.97 7.97 7.97 7.97 7.97 7.97
