InputData/KvamCaseStudy/aspect.asc
ncols        91
nrows        135
xllcorner    218505.000000000000
yllcorner    6850365.000000000000
cellsize     10.000000000000
NODATA_value  -9999
[rows 54 to 71 of 135, columns 0 to 41 of 91]
116.319366455078125 104.30657958984375 101.2977447509765625 112.46509552001953125 116.944915771484375 112.645050048828125 114.66077423095703125 122.7536468505859375 124.029632568359375 117.670501708984375 112.07282257080078125 110.3768463134765625 110.36663055419921875 105.24977874755859375 104.5586090087890625 105.43576812744140625 109.17949676513671875 115.7735443115234375 121.13323974609375 120.5955810546875 111.88739776611328125 104.67948150634765625 87.83678436279296875 66.8403472900390625 65.81690216064453125 82.428955078125 94.50266265869140625 95.19643402099609375 92.82161712646484375 95.42142486572265625 96.8589019775390625 94.0118560791015625 94.90008544921875 102.804168701171875 111.0654144287109375 113.006134033203125 108.83535003662109375 101.951812744140625 98.2062835693359375 98.097869873046875 99.48876190185546875 99.190704345703125
121.25884246826171875 115.4639892578125 112.17963409423828125 117.69203948974609375 127.80279541015625 131.902557373046875 123.89531707763671875 120.76648712158203125 120.4314117431640625 118.33056640625 118.81125640869140625 122.5696868896484375 124.94657135009765625 115.606231689453125 109.982696533203125 111.0015106201171875 112.9526519775390625 113.4177093505859375 116.303314208984375 117.7208404541015625 108.80841827392578125 96.07170867919921875 63.653682708740234375 54.73442840576171875 66.42243194580078125 80.34039306640625 89.62490081787109375 91.82683563232421875 92.62823486328125 95.77687835693359375 96.1175994873046875 92.88933563232421875 94.57987213134765625 101.68799591064453125 108.860992431640625 114.206939697265625 119.96917724609375 122.418792724609375 121.91884613037109375 119.575714111328125 113.78481292724609375 106.5885467529296875
130.010894775390625 134.196929931640625 126.41839599609375 120.04114532470703125 124.68951416015625 140.1280670166015625 144.1175079345703125 140.059600830078125 128.884063720703125 120.06203460693359375 120.55181884765625 129.8073883056640625 130.453094482421875 121.27964019775390625 110.0623626708984375 106.8728790283203125 111.17504119873046875 111.42279052734375 108.9868316650390625 105.5473785400390625 96.12987518310546875 68.9564208984375 50.14056396484375 68.8126983642578125 80.3375244140625 87.18990325927734375 90.606414794921875 90.46321868896484375 93.03891754150390625 99.609405517578125 104.26593017578125 101.20455169677734375 95.839324951171875 98.44744110107421875 106.0587005615234375 107.5122528076171875 105.50753021240234375 107.69634246826171875 112.72412872314453125 119.02466583251953125 118.5320587158203125 110.466064453125
122.6044921875 132.81488037109375 129.61700439453125 119.3002777099609375 116.4029388427734375 126.8500518798828125 136.02423095703125 136.815826416015625 137.263702392578125 135.7458648681640625 131.1510009765625 136.1080322265625 134.3648681640625 118.55678558349609375 111.27443695068359375 109.60614013671875 107.66483306884765625 105.77860260009765625 104.67929840087890625 90.69081878662109375 56.799175262451171875 39.89328765869140625 59.7150726318359375 82.19527435302734375 86.77017974853515625 83.52280426025390625 85.5026397705078125 93.95534515380859375 99.3262481689453125 103.32232666015625 109.11707305908203125 108.98365020751953125 99.1035308837890625 95.85260772705078125 101.670135498046875 109.20781707763671875 105.8682708740234375 101.099639892578125 101.7790985107421875 110.2476806640625 119.35870361328125 118.16594696044921875
118.67352294921875 132.7505645751953125 139.1568145751953125 133.943634033203125 123.2642364501953125 124.0606231689453125 125.9818572998046875 125.44671630859375 133.4960784912109375 144.977996826171875 135.3441162109375 125.1733551025390625 130.3689117431640625 116.58600616455078125 108.84897613525390625 111.80321502685546875 114.0133209228515625 105.48089599609375 97.19649505615234375 88.12172698974609375 41.091938018798828125 46.81729888916015625 61.53211212158203125 66.9444427490234375 67.616119384765625 72.29278564453125 84.08544158935546875 96.53769683837890625 102.6616058349609375 101.27520751953125 100.51068115234375 94.10174560546875 88.72675323486328125 89.21086883544921875 90.8011932373046875 100.4399566650390625 112.35205078125 114.75588226318359375 113.684478759765625 115.0067596435546875 118.93050384521484375 121.8843994140625
111.22042083740234375 123.9210357666015625 135.9981689453125 143.224578857421875 136.1976318359375 136.573028564453125 128.3606414794921875 122.48116302490234375 128.189056396484375 147.109771728515625 135.1644439697265625 121.9097747802734375 127.96672821044921875 124.58197784423828125 114.93134307861328125 115.03159332275390625 125.54537200927734375 128.882720947265625 107.17337799072265625 104.7852325439453125 86.455230712890625 45.66997528076171875 57.2061309814453125 58.93494415283203125 61.3359222412109375 79.8974609375 91.80202484130859375 97.4781341552734375 96.4819793701171875 90.97214508056640625 89.756317138671875 96.8419036865234375 101.7208099365234375 101.25528717041015625 103.3695831298828125 109.166412353515625 114.175079345703125 115.7076416015625 116.29671478271484375 114.430145263671875 113.1897735595703125 117.192962646484375
102.195770263671875 110.6873779296875 119.5705413818359375 130.8097686767578125 136.8548126220703125 145.153594970703125 129.9709014892578125 120.550994873046875 130.2277679443359375 148.505279541015625 135.19793701171875 125.4138641357421875 124.8119354248046875 120.12946319580078125 111.839691162109375 109.6710052490234375 119.7650146484375 140.264556884765625 109.74210357666015625 87.87239837646484375 312.60955810546875 7.1131439208984375 66.54003143310546875 76.2078857421875 83.4525146484375 93.7552947998046875 99.37577056884765625 105.07532501220703125 105.71216583251953125 100.60813140869140625 102.3891143798828125 111.34539794921875 114.41844940185546875 111.93616485595703125 109.4552001953125 109.343109130859375 109.54322052001953125 105.64682769775390625 103.3992462158203125 107.239990234375 109.2411346435546875 108.5875701904296875
99.17998504638671875 102.39154815673828125 106.81060791015625 109.39882659912109375 114.3321380615234375 127.32928466796875 123.142486572265625 115.048980712890625 127.62518310546875 146.5773773193359375 120.05840301513671875 106.5764923095703125 105.52336883544921875 105.257720947265625 102.3322601318359375 99.80333709716796875 103.9435882568359375 132.457550048828125 104.4199066162109375 61.0106964111328125 310.30517578125 346.22119140625 58.925205230712890625 81.78542327880859375 103.499664306640625 106.2968597412109375 107.5597686767578125 117.371307373046875 123.851654052734375 118.24764251708984375 111.1602630615234375 104.9372100830078125 100.16042327880859375 94.72216796875 88.8240509033203125 86.809173583984375 88.9210968017578125 91.05086517333984375 93.4955291748046875 102.14270782470703125 113.54291534423828125 118.603271484375
96.9686279296875 94.92910003662109375 90.03729248046875 83.9324188232421875 81.361053466796875 91.28028106689453125 105.74817657470703125 114.9739532470703125 127.7037811279296875 162.2849578857421875 146.532135009765625 107.25331878662109375 105.0769195556640625 102.51145172119140625 98.73299407958984375 95.4763031005859375 94.3900146484375 114.75933837890625 125.50196075439453125 100.7131195068359375 276.59405517578125 296.92041015625 69.31586456298828125 89.08560943603515625 108.35396575927734375 113.55231475830078125 110.634521484375 117.90145111083984375 128.9525604248046875 132.1392364501953125 121.46627044677734375 111.00885009765625 104.47750091552734375 98.88733673095703125 96.10363006591796875 94.83452606201171875 95.9124298095703125 101.81455230712890625 106.91997528076171875 106.3201446533203125 109.4775848388671875 119.6127166748046875
89.59137725830078125 87.8625946044921875 83.97832489013671875 84.564483642578125 91.68625640869140625 98.6536865234375 105.2477874755859375 119.926544189453125 134.6904449462890625 169.06561279296875 175.2293853759765625 128.2052154541015625 117.0916748046875 108.18975067138671875 99.643035888671875 96.56467437744140625 99.25096893310546875 121.344940185546875 149.2117919921875 164.068023681640625 231.7574310302734375 229.11328125 110.8856964111328125 100.33403778076171875 106.83392333984375 109.8925628662109375 102.60459136962890625 103.4381256103515625 116.58123016357421875 133.6083984375 131.9128265380859375 122.6715240478515625 117.46921539306640625 114.176483154296875 115.1316375732421875 117.8706207275390625 118.94610595703125 116.149810791015625 116.5088348388671875 116.5001983642578125 113.0984954833984375 118.69775390625
92.22998809814453125 89.88448333740234375 93.30045318603515625 102.2000579833984375 109.16680908203125 110.85396575927734375 110.8681182861328125 111.50870513916015625 123.2971954345703125 167.381744384765625 165.5855712890625 133.1292724609375 119.578094482421875 111.99172210693359375 103.789642333984375 102.7625885009765625 114.26190948486328125 152.2347259521484375 166.637542724609375 167.12921142578125 197.8271484375 202.472015380859375 144.5762939453125 110.17572784423828125 103.6967315673828125 98.12651824951171875 93.58499908447265625 94.89485931396484375 100.82701873779296875 118.1207427978515625 128.8390655517578125 126.422760009765625 122.61255645751953125 115.3816070556640625 111.55060577392578125 114.34714508056640625 120.757049560546875 118.8910675048828125 113.0857696533203125 114.7744598388671875 117.76834869384765625 120.460205078125
100.3946380615234375 98.7502593994140625 100.1831207275390625 101.629669189453125 100.3477325439453125 102.2443389892578125 107.3280181884765625 98.9380035400390625 98.58882904052734375 143.0811309814453125 143.6434326171875 138.9487152099609375 125.981414794921875 116.7824249267578125 109.66211700439453125 107.32244873046875 122.5628814697265625 162.1616058349609375 172.54803466796875 172.719207763671875 180.9571380615234375 187.407745361328125 152.639312744140625 121.56793212890625 110.62551116943359375 103.48431396484375 101.256317138671875 100.4839324951171875 101.53676605224609375 110.8285675048828125 122.3128662109375 126.038543701171875 127.8216705322265625 122.15521240234375 112.75687408447265625 111.371002197265625 117.3857879638671875 122.663330078125 121.2869873046875 117.31244659423828125 114.92496490478515625 114.54955291748046875
101.88811492919921875 98.99599456787109375 95.8806304931640625 97.7901458740234375 98.396484375 97.64537811279296875 104.38056182861328125 109.207275390625 110.16179656982421875 131.951812744140625 137.44635009765625 144.8138427734375 139.9815673828125 123.590576171875 113.32927703857421875 107.7026519775390625 116.20330047607421875 149.010162353515625 167.46087646484375 173.6902923583984375 177.079315185546875 178.559234619140625 150.5626373291015625 125.11505126953125 117.46511077880859375 114.0668182373046875 112.3023681640625 111.2957611083984375 109.96929931640625 113.76468658447265625 122.05450439453125 126.890228271484375 130.479949951171875 130.839447021484375 122.8772430419921875 118.5262451171875 119.34407806396484375 120.89760589599609375 122.89569854736328125 121.75157928466796875 116.02317047119140625 113.34503173828125
103.204132080078125 99.7206573486328125 99.428802490234375 102.99530792236328125 106.8632049560546875 106.41341400146484375 104.32958984375 110.311065673828125 115.55776214599609375 128.5381317138671875 134.42010498046875 138.0602264404296875 143.2722015380859375 128.40118408203125 114.44281005859375 105.0904541015625 103.6590728759765625 116.82834625244140625 142.0917510986328125 162.4160919189453125 173.1509552001953125 176.540740966796875 149.669189453125 121.6320648193359375 113.54632568359375 112.9842681884765625 113.78275299072265625 115.27439117431640625 115.13360595703125 116.8335113525390625 123.8192596435546875 129.2874908447265625 129.5804443359375 127.13714599609375 122.20351409912109375 119.87286376953125 122.2612457275390625 121.8953704833984375 118.4197998046875 118.7180633544921875 117.689544677734375 114.1779632568359375
109.3321685791015625 105.49784088134765625 106.6758575439453125 105.5192718505859375 111.10345458984375 121.9468994140625 115.8828125 119.3268890380859375 127.188812255859375 136.5787506103515625 141.887115478515625 137.484588623046875 143.665191650390625 134.178436279296875 113.18143463134765625 98.95667266845703125 96.90682220458984375 102.66649627685546875 112.4947052001953125 130.8712158203125 157.47998046875 178.323455810546875 157.0670928955078125 119.12610626220703125 110.00827789306640625 108.82128143310546875 109.99948883056640625 113.1281280517578125 114.770721435546875 114.7846221923828125 118.3083343505859375 124.632537841796875 124.9689788818359375 119.40912628173828125 118.0088043212890625 118.71529388427734375 120.77275848388671875 121.9525299072265625 117.61338043212890625 115.18000030517578125 115.32627105712890625 114.3770294189453125
113.66234588623046875 109.2456817626953125 108.985107421875 106.7566986083984375 110.010223388671875 129.8090057373046875 128.241455078125 123.57805633544921875 127.11824798583984375 138.70477294921875 143.9589691162109375 135.0672760009765625 135.8468170166015625 128.855621337890625 103.9078369140625 84.56064605712890625 83.649322509765625 87.74062347412109375 94.16104888916015625 105.595611572265625 129.498931884765625 174.982666015625 169.043853759765625 121.2764739990234375 111.963104248046875 110.5025482177734375 109.27423095703125 111.92291259765625 114.71704864501953125 113.73476409912109375 112.1720733642578125 115.3523712158203125 119.20049285888671875 118.0527191162109375 119.19382476806640625 123.19303131103515625 124.5591278076171875 120.698638916015625 115.86660003662109375 114.80721282958984375 114.7536773681640625 114.4475555419921875
111.223968505859375 113.88349151611328125 113.8309173583984375 112.804931640625 110.774169921875 117.4247894287109375 127.36966705322265625 117.66141510009765625 115.44142913818359375 127.4020233154296875 135.725799560546875 136.72698974609375 133.00634765625 124.747039794921875 99.53073883056640625 75.04955291748046875 74.3455047607421875 72.245330810546875 79.7398834228515625 94.5833892822265625 116.070587158203125 166.016143798828125 170.64599609375 125.4323272705078125 113.8470306396484375 113.7593841552734375 112.7042388916015625 111.436065673828125 111.093597412109375 109.478240966796875 106.52823638916015625 108.24904632568359375 115.12485504150390625 119.00933074951171875 119.87189483642578125 121.849578857421875 124.6027984619140625 122.46431732177734375 117.147857666015625 113.44483184814453125 112.0641937255859375 111.79119110107421875
112.080810546875 115.55057525634765625 109.28542327880859375 109.544281005859375 111.807464599609375 105.441558837890625 120.553131103515625 118.49491119384765625 114.0812530517578125 115.402984619140625 120.1416168212890625 142.1895599365234375 151.3772735595703125 143.87152099609375 137.43731689453125 90.30816650390625 78.13421630859375 74.278106689453125 82.13814544677734375 90.15317535400390625 102.26866912841796875 149.017486572265625 164.649383544921875 127.32916259765625 114.2212066650390625 112.28934478759765625 112.7677154541015625 112.96678924560546875 111.5849456787109375 109.73262786865234375 108.56591033935546875 110.1635284423828125 112.0150146484375 111.0482330322265625 108.6271209716796875 103.092498779296875 103.21237945556640625 112.25695037841796875 115.80651092529296875 112.81179046630859375 114.64398956298828125 118.68212890625
