InputData/KvamCaseStudy/aspect.asc
ncols        91
nrows        135
xllcorner    218505.000000000000
yllcorner    6850365.000000000000
cellsize     10.000000000000
NODATA_value  -9999
[rows 0 to 17 of 135, columns 42 to 83 of 91]
86.36594390869140625 82.7192230224609375 83.50026702880859375 83.36925506591796875 80.0448760986328125 79.4735107421875 81.21671295166015625 81.0188446044921875 80.35796356201171875 82.247467041015625 84.0799560546875 82.6819305419921875 80.50727081298828125 77.404876708984375 73.7301788330078125 76.16733551025390625 81.7250213623046875 88.54575347900390625 91.01807403564453125 90.97162628173828125 93.31552886962890625 92.363525390625 85.54436492919921875 80.8370208740234375 79.44289398193359375 80.44811248779296875 81.71053314208984375 82.243896484375 83.71163177490234375 84.50677490234375 84.16323089599609375 82.44567108154296875 81.40064239501953125 84.14165496826171875 88.18090057373046875 90.2397003173828125 91.26459503173828125 93.7298583984375 95.7215728759765625 94.848114013671875 93.158935546875 90.01930999755859375
86.859283447265625 86.91156768798828125 83.311920166015625 77.17845916748046875 76.02127838134765625 80.789031982421875 84.97321319580078125 88.1168365478515625 88.99041748046875 85.4237823486328125 78.16988372802734375 73.936737060546875 73.5983428955078125 68.4360198974609375 62.537815093994140625 67.0496063232421875 76.3659210205078125 85.61292266845703125 91.72713470458984375 91.649627685546875 92.09468841552734375 95.41512298583984375 101.60968780517578125 104.5040435791015625 101.52729034423828125 95.31783294677734375 90.04184722900390625 90.55005645751953125 101.24919891357421875 112.55225372314453125 113.59624481201171875 108.92435455322265625 99.787353515625 90.72533416748046875 86.6078338623046875 86.534881591796875 89.1439208984375 90.47617340087890625 89.18589019775390625 86.0346832275390625 83.80704498291015625 83.40866851806640625
88.47312164306640625 86.4840545654296875 78.1459808349609375 71.993804931640625 76.60259246826171875 82.6230010986328125 85.32444000244140625 88.02924346923828125 90.15752410888671875 89.2194061279296875 86.27329254150390625 84.22898101806640625 83.21225738525390625 83.33660888671875 86.58805084228515625 91.296661376953125 94.38134002685546875 98.89275360107421875 105.2379913330078125 101.924896240234375 96.4756622314453125 99.268310546875 105.85883331298828125 107.506744384765625 100.95461273193359375 89.41115570068359375 82.42012786865234375 80.60626983642578125 85.493255615234375 98.21977996826171875 109.942230224609375 116.79656219482421875 119.20836639404296875 116.6826171875 110.323516845703125 103.46183013916015625 101.94146728515625 103.04741668701171875 103.9154510498046875 103.476715087890625 102.36968994140625 101.33907318115234375
83.46038055419921875 82.89392852783203125 80.41143798828125 76.7395782470703125 79.94341278076171875 82.24925994873046875 82.74344635009765625 83.7838287353515625 84.82584381103515625 87.65467071533203125 91.0209197998046875 91.37042236328125 90.9618988037109375 94.1538848876953125 99.02893829345703125 99.705963134765625 97.7409515380859375 95.6194000244140625 94.783935546875 96.687652587890625 95.8741912841796875 96.16518402099609375 97.92234039306640625 97.34519195556640625 91.59619140625 82.8165283203125 78.08535003662109375 75.551727294921875 79.560577392578125 87.41808319091796875 92.378997802734375 96.06252288818359375 103.7744903564453125 112.8511810302734375 120.42728424072265625 122.9769439697265625 121.3103790283203125 120.23187255859375 121.837158203125 120.6416015625 120.22214508056640625 120.42352294921875
81.01955413818359375 81.723663330078125 85.67945098876953125 87.555908203125 85.35633087158203125 81.8829193115234375 81.13465118408203125 83.70272064208984375 84.876495361328125 84.38222503662109375 84.699676513671875 86.61756134033203125 87.7150421142578125 90.31867218017578125 96.46768951416015625 98.02840423583984375 90.95865631103515625 78.49433135986328125 70.55408477783203125 71.99372100830078125 76.01267242431640625 79.357818603515625 78.0847320556640625 76.0488128662109375 81.44532012939453125 90.6172943115234375 90.1548614501953125 85.09659576416015625 82.7987213134765625 80.2546844482421875 77.12419891357421875 78.19788360595703125 80.2689361572265625 82.07452392578125 87.1733856201171875 92.2216949462890625 92.75962066650390625 91.2340850830078125 91.11701202392578125 90.28662872314453125 89.06781005859375 92.47248077392578125
81.318603515625 81.16378021240234375 83.2928924560546875 88.59995269775390625 87.24991607666015625 80.1775360107421875 79.72780609130859375 84.709259033203125 86.7032012939453125 85.01699066162109375 84.34808349609375 86.211029052734375 88.9779052734375 91.5080718994140625 95.5752716064453125 96.08831024169921875 85.0977020263671875 68.83399200439453125 65.9285888671875 66.1143951416015625 69.2751617431640625 72.5380859375 70.8046112060546875 71.93129730224609375 78.59911346435546875 86.04518890380859375 89.0409698486328125 88.6896820068359375 85.76232147216796875 80.100677490234375 74.54994964599609375 71.8853912353515625 69.28235626220703125 68.67218017578125 66.32930755615234375 59.94631195068359375 58.937770843505859375 61.8050689697265625 64.9069061279296875 68.4224700927734375 72.487762451171875 78.77381134033203125
77.1480255126953125 75.9532623291015625 74.91180419921875 80.49564361572265625 83.62409210205078125 77.08487701416015625 73.8676300048828125 77.068267822265625 83.3531341552734375 88.13677215576171875 88.49871826171875 88.43050384521484375 90.5286102294921875 92.32733154296875 91.5861358642578125 87.8514556884765625 81.941162109375 81.002197265625 83.84934234619140625 84.88568115234375 85.08640289306640625 81.801544189453125 77.32635498046875 76.74628448486328125 75.10101318359375 72.11392974853515625 70.786468505859375 73.3081512451171875 79.8902587890625 83.21372222900390625 81.35709381103515625 78.128662109375 73.27392578125 68.94246673583984375 63.159114837646484375 58.93744659423828125 63.4697113037109375 67.27923583984375 71.030975341796875 77.12866973876953125 84.52671051025390625 90.83941650390625
76.62952423095703125 70.596160888671875 67.235748291015625 74.694793701171875 76.11135101318359375 73.09581756591796875 74.22663116455078125 75.21875 80.5103759765625 90.42694854736328125 96.0634002685546875 94.699676513671875 94.33118438720703125 94.77463531494140625 93.96926116943359375 94.4109954833984375 98.66806793212890625 102.01397705078125 101.79833984375 102.087432861328125 100.0367431640625 93.191864013671875 84.52207183837890625 77.28118896484375 70.31414794921875 69.0508575439453125 76.077301025390625 93.8028106689453125 108.3382110595703125 116.54521942138671875 118.95367431640625 118.02417755126953125 120.17966461181640625 118.304412841796875 115.29941558837890625 112.63079833984375 103.76439666748046875 99.5325927734375 96.353057861328125 91.95833587646484375 90.61429595947265625 89.7430267333984375
79.15155792236328125 76.56118011474609375 77.58477783203125 78.5398406982421875 75.5583648681640625 78.8588714599609375 85.61605072021484375 86.0611419677734375 86.2212677001953125 89.82602691650390625 94.629058837890625 96.0994110107421875 96.07195281982421875 95.689239501953125 95.4655914306640625 95.85512542724609375 98.01448822021484375 99.29822540283203125 98.4498291015625 99.98021697998046875 102.736328125 104.0169525146484375 106.289154052734375 112.7922821044921875 120.05599212646484375 120.8891448974609375 119.77616119384765625 122.4233551025390625 128.12957763671875 134.404266357421875 137.721649169921875 137.8624267578125 140.9581146240234375 143.3095245361328125 143.5252532958984375 148.3164825439453125 142.9529571533203125 134.993408203125 134.86572265625 127.412322998046875 119.84917449951171875 114.4953155517578125
80.96219635009765625 83.417083740234375 89.55323028564453125 85.51329803466796875 82.650543212890625 90.373199462890625 96.66705322265625 99.06122589111328125 97.9010162353515625 94.99330902099609375 94.01035308837890625 96.09152984619140625 96.414337158203125 95.59490203857421875 95.294036865234375 94.3526611328125 94.65433502197265625 95.7533111572265625 91.415496826171875 84.0078582763671875 82.79958343505859375 90.678680419921875 100.9031219482421875 110.6418609619140625 124.15346527099609375 136.1596527099609375 137.5478363037109375 131.495147705078125 125.718780517578125 125.0850677490234375 128.6881256103515625 130.008453369140625 131.7498016357421875 134.298797607421875 135.141510009765625 142.8240966796875 144.74334716796875 137.0371246337890625 136.187713623046875 133.5516204833984375 127.9376220703125 124.385101318359375
80.7594451904296875 84.62397003173828125 86.60077667236328125 83.07202911376953125 84.72693634033203125 92.64666748046875 100.6374359130859375 102.7489776611328125 99.21121978759765625 96.83779144287109375 99.90724945068359375 102.0167236328125 97.90699005126953125 89.00345611572265625 84.80934906005859375 84.71625518798828125 85.1143341064453125 85.08664703369140625 84.31598663330078125 84.490386962890625 87.995025634765625 95.9121246337890625 104.4160003662109375 105.909454345703125 105.43546295166015625 112.4859619140625 122.73638916015625 128.877899169921875 129.659271240234375 128.083221435546875 126.2557830810546875 123.22955322265625 118.5447540283203125 112.27337646484375 103.06917572021484375 93.58190155029296875 85.927978515625 84.47747802734375 86.30233001708984375 86.54184722900390625 79.023406982421875 71.14661407470703125
85.6222381591796875 86.47503662109375 81.158935546875 78.57071685791015625 82.46060943603515625 85.57293701171875 91.5458221435546875 94.96247100830078125 93.4022064208984375 95.58808135986328125 104.35543060302734375 113.4917755126953125 119.16168212890625 115.5381011962890625 102.83493804931640625 91.0149688720703125 83.40836334228515625 79.9403076171875 86.63448333740234375 99.927520751953125 108.5897216796875 110.951904296875 112.16756439208984375 114.17542266845703125 112.75089263916015625 108.067718505859375 105.5096588134765625 105.7306060791015625 104.40921783447265625 97.66131591796875 86.53347015380859375 77.83133697509765625 69.093902587890625 56.73497772216796875 45.352069854736328125 37.553264617919921875 40.015003204345703125 49.470123291015625 50.951625823974609375 46.044803619384765625 44.703868865966796875 52.233043670654296875
90.14705657958984375 83.95693206787109375 79.26602935791015625 82.72759246826171875 84.5081634521484375 82.51105499267578125 83.416473388671875 87.8595123291015625 94.0724029541015625 97.05951690673828125 100.34830474853515625 108.933441162109375 121.3845062255859375 132.2763214111328125 138.294708251953125 132.29693603515625 127.5404205322265625 124.18593597412109375 119.378143310546875 116.51629638671875 117.2123565673828125 115.942840576171875 110.632293701171875 105.3886260986328125 98.50676727294921875 86.4178009033203125 68.77703857421875 49.7346649169921875 40.16858673095703125 35.69603729248046875 33.635242462158203125 33.91998291015625 31.110370635986328125 26.7532196044921875 26.039852142333984375 32.348052978515625 45.2695465087890625 53.58127593994140625 53.75559234619140625 57.6204986572265625 68.929473876953125 77.2404327392578125
85.7198028564453125 81.0462188720703125 83.28459930419921875 86.98879241943359375 91.415191650390625 93.0040740966796875 92.398040771484375 94.0015106201171875 97.05361175537109375 97.379302978515625 95.74713134765625 96.28099822998046875 100.882904052734375 109.38520050048828125 123.6521759033203125 130.0366058349609375 130.733001708984375 130.1451568603515625 124.080291748046875 115.7596435546875 109.391693115234375 98.64881134033203125 84.897125244140625 66.4044036865234375 48.069187164306640625 38.46291351318359375 29.35160064697265625 23.798828125 27.889064788818359375 31.352321624755859375 28.489284515380859375 29.10166168212890625 28.6445770263671875 27.621013641357421875 31.747608184814453125 42.641422271728515625 54.78864288330078125 61.275943756103515625 67.677001953125 76.5645599365234375 79.81134033203125 79.2622833251953125
78.71634674072265625 83.5703125 89.55728912353515625 94.752899169921875 102.2006072998046875 106.069488525390625 105.6483154296875 105.0378570556640625 104.05712127685546875 100.28223419189453125 95.210845947265625 90.51251983642578125 86.80474090576171875 82.98592376708984375 77.20489501953125 76.3367919921875 77.875579833984375 76.63857269287109375 74.9160003662109375 73.118499755859375 59.9119415283203125 43.158115386962890625 35.851703643798828125 26.81803131103515625 25.2925567626953125 28.602020263671875 27.83394622802734375 28.3769989013671875 37.26673126220703125 41.129131317138671875 37.09648895263671875 39.53723907470703125 45.13816070556640625 50.777637481689453125 57.598232269287109375 62.96282196044921875 69.9800262451171875 75.38779449462890625 75.1834259033203125 68.876708984375 65.08154296875 72.3757781982421875
76.0149383544921875 85.23560333251953125 92.94379425048828125 100.5474395751953125 107.2852630615234375 109.00786590576171875 104.81075286865234375 100.5652313232421875 95.3857421875 88.00745391845703125 80.9045257568359375 76.0801849365234375 72.313201904296875 62.755054473876953125 53.262237548828125 50.40996551513671875 48.880290985107421875 48.329853057861328125 49.911865234375 49.856647491455078125 38.835205078125 36.1129150390625 38.765048980712890625 34.8202056884765625 40.9730377197265625 48.9056854248046875 53.622249603271484375 60.7231903076171875 67.51519012451171875 67.93497467041015625 68.93824005126953125 75.00199127197265625 80.21057891845703125 82.3673248291015625 83.007659912109375 84.11353302001953125 84.4420166015625 81.95006561279296875 77.25759124755859375 74.4568023681640625 76.0406951904296875 79.4958953857421875
75.85083770751953125 80.30002593994140625 87.19866943359375 93.54215240478515625 95.2167816162109375 94.70267486572265625 90.50958251953125 81.70146942138671875 73.65185546875 72.15875244140625 72.28330230712890625 70.265045166015625 64.9626922607421875 55.0796356201171875 52.110042572021484375 54.49198150634765625 57.103084564208984375 60.09545135498046875 62.16335296630859375 62.942169189453125 64.1083221435546875 79.733367919921875 99.26915740966796875 118.2846527099609375 122.5803070068359375 111.46367645263671875 93.649993896484375 93.20174407958984375 101.0494232177734375 108.97507476806640625 119.54422760009765625 128.1792449951171875 126.6685943603515625 123.81902313232421875 125.22005462646484375 119.7039947509765625 100.485198974609375 91.36993408203125 91.97908782958984375 99.13751220703125 103.9788360595703125 102.03224945068359375
77.37783050537109375 83.69980621337890625 89.937713623046875 89.74987030029296875 84.07077789306640625 80.43353271484375 77.48215484619140625 74.31226348876953125 76.4251861572265625 81.7784423828125 85.53936767578125 85.82218170166015625 83.98561859130859375 85.38860321044921875 92.37079620361328125 100.3706817626953125 107.23398590087890625 106.8411712646484375 101.283294677734375 98.537445068359375 101.71767425537109375 105.18694305419921875 110.70977783203125 120.98261260986328125 131.2702178955078125 141.9764251708984375 135.0714263916015625 122.23085784912109375 122.95801544189453125 125.80548095703125 131.58905029296875 141.746551513671875 148.164703369140625 148.1085052490234375 148.34332275390625 154.035125732421875 142.975921630859375 119.08441162109375 107.0390472412109375 106.8270721435546875 107.1956787109375 104.1996002197265625
