InputData/KvamCaseStudy/aspect.asc
ncols        91
nrows        135
xllcorner    218505.000000000000
yllcorner    6850365.000000000000
cellsize     10.000000000000
NODATA_value  -9999
[rows 90 to 107 of 135, columns 42 to 83 of 91]
124.95703887939453125 130.221649169921875 136.5097503662109375 135.75592041015625 123.2302703857421875 104.89556884765625 88.7863006591796875 82.957000732421875 83.034088134765625 83.36783599853515625 84.28119659423828125 82.63950347900390625 78.9434356689453125 80.7860107421875 84.006317138671875 85.4481353759765625 87.96826934814453125 89.63501739501953125 88.347076416015625 86.36065673828125 81.4189453125 73.6098480224609375 74.51006317138671875 86.17352294921875 92.252685546875 95.3076629638671875 110.4769744873046875 131.1846923828125 149.0582275390625 160.70452880859375 151.635467529296875 145.6471099853515625 141.318084716796875 108.25081634521484375 95.16924285888671875 97.9457244873046875 106.34035491943359375 120.38965606689453125 136.1058197021484375 142.8809661865234375 149.9984130859375 151.05194091796875
79.2515869140625 88.120880126953125 101.516693115234375 122.087432861328125 132.8946533203125 134.1326446533203125 120.44769287109375 100.37899017333984375 92.87801361083984375 94.1765289306640625 97.1077728271484375 95.2895355224609375 90.43033599853515625 85.4066314697265625 80.2557525634765625 79.906219482421875 83.78522491455078125 86.62982177734375 86.850555419921875 85.45311737060546875 83.06063079833984375 81.34358978271484375 82.890655517578125 83.611785888671875 81.01532745361328125 78.5999298095703125 78.0588531494140625 84.8186492919921875 103.86016845703125 140.5348968505859375 155.445465087890625 164.111602783203125 168.49267578125 153.447357177734375 123.17597198486328125 110.681884765625 115.94085693359375 131.795745849609375 139.054656982421875 142.0087127685546875 152.4503021240234375 163.7952728271484375
81.93248748779296875 71.727996826171875 67.7845458984375 73.1299285888671875 94.3003387451171875 123.53577423095703125 141.6314697265625 139.8449249267578125 126.3210296630859375 113.51123046875 113.60894775390625 116.93724822998046875 114.1655731201171875 104.46688079833984375 90.94280242919921875 83.1266021728515625 82.48110198974609375 84.72979736328125 87.112945556640625 87.118408203125 88.66675567626953125 92.78952789306640625 91.90599822998046875 86.96938323974609375 84.9832000732421875 87.25202178955078125 90.53060150146484375 87.48819732666015625 78.74028778076171875 85.085205078125 108.8529815673828125 142.3856964111328125 159.4658966064453125 163.750823974609375 145.639312744140625 126.93140411376953125 125.47661590576171875 131.86724853515625 139.468658447265625 147.145050048828125 166.45819091796875 271.28076171875
129.5775909423828125 115.7834320068359375 99.13831329345703125 92.14601898193359375 91.23281097412109375 95.019500732421875 107.73065185546875 125.9005584716796875 133.6768341064453125 121.9329376220703125 117.656463623046875 123.20555877685546875 128.5715789794921875 129.3714752197265625 124.23079681396484375 108.0281219482421875 96.88864898681640625 93.83992767333984375 93.97894287109375 95.359100341796875 95.608673095703125 95.188873291015625 94.2873687744140625 91.1800079345703125 90.8187713623046875 93.70700836181640625 96.1680908203125 101.7139739990234375 99.991455078125 82.2864227294921875 69.4470672607421875 71.88939666748046875 92.4084625244140625 126.076751708984375 132.19012451171875 124.69781494140625 123.04644775390625 123.1749420166015625 129.5177001953125 147.0229034423828125 280.79205322265625 302.83526611328125
143.47686767578125 145.4611968994140625 137.59576416015625 125.81524658203125 114.448638916015625 107.1985321044921875 102.32291412353515625 102.9380035400390625 115.26512908935546875 120.28574371337890625 120.76538848876953125 123.486297607421875 128.0239715576171875 135.570709228515625 141.57037353515625 134.917572021484375 122.0134429931640625 116.162689208984375 112.55957794189453125 108.8462982177734375 103.736602783203125 96.89115142822265625 92.021453857421875 91.522430419921875 95.77666473388671875 99.58737945556640625 100.0696563720703125 100.409576416015625 105.08599853515625 100.9420166015625 81.22280120849609375 61.401336669921875 55.831943511962890625 61.134521484375 86.70349884033203125 102.9809112548828125 110.427642822265625 115.29311370849609375 125.2773284912109375 264.810333251953125 295.3077392578125 303.38531494140625
115.53350830078125 124.99359130859375 127.9779510498046875 120.19794464111328125 111.9143218994140625 108.0643768310546875 111.30371856689453125 115.68131256103515625 119.44661712646484375 122.81511688232421875 127.204498291015625 126.7826080322265625 115.4986419677734375 121.643951416015625 138.3638153076171875 141.15570068359375 134.6465911865234375 127.6013641357421875 121.54395294189453125 116.39006805419921875 109.61576080322265625 101.0720672607421875 98.3668670654296875 100.337371826171875 99.726898193359375 98.7887725830078125 99.064239501953125 100.09140777587890625 103.89107513427734375 108.50981903076171875 105.80556488037109375 83.25916290283203125 67.7158203125 71.388824462890625 80.895782470703125 86.9971771240234375 90.93488311767578125 99.40233612060546875 118.8622589111328125 274.0428466796875 284.73834228515625 295.110595703125
62.87400054931640625 62.78705596923828125 63.411376953125 72.32817840576171875 84.632476806640625 94.14031219482421875 97.96323394775390625 100.55564117431640625 102.77115631103515625 101.960296630859375 103.32393646240234375 110.3556976318359375 108.957550048828125 110.56546783447265625 123.183837890625 132.0264739990234375 136.2758026123046875 135.378570556640625 130.980010986328125 128.311004638671875 128.6392822265625 121.8843841552734375 108.8890533447265625 102.18022918701171875 96.9284820556640625 93.60953521728515625 93.65277862548828125 95.99227142333984375 99.67220306396484375 104.6630401611328125 111.95508575439453125 115.1842803955078125 97.599884033203125 87.754974365234375 86.62960052490234375 86.77342987060546875 90.10755157470703125 97.24474334716796875 114.88079071044921875 267.35992431640625 263.90985107421875 200.9378814697265625
66.895843505859375 65.3384552001953125 70.43793487548828125 79.32867431640625 86.03588104248046875 88.88082122802734375 88.77939605712890625 88.35817718505859375 87.01824951171875 82.77462005615234375 79.787567138671875 91.2154541015625 102.4739837646484375 99.77814483642578125 95.079925537109375 96.17438507080078125 101.399932861328125 109.9959564208984375 117.94207000732421875 124.702880859375 135.137176513671875 145.8556365966796875 136.704071044921875 114.00579833984375 96.5417022705078125 91.61551666259765625 90.79268646240234375 90.74286651611328125 92.49608612060546875 96.5891571044921875 105.95146942138671875 115.65694427490234375 106.6057281494140625 90.3780517578125 84.18955230712890625 85.91002655029296875 93.44930267333984375 101.63008880615234375 136.374359130859375 266.45550537109375 260.5904541015625 196.32220458984375
109.268951416015625 113.09879302978515625 114.45044708251953125 111.1477813720703125 106.78197479248046875 104.14429473876953125 104.3314361572265625 105.3939666748046875 104.99324798583984375 102.39373016357421875 102.94457244873046875 104.63945770263671875 101.82825469970703125 96.1692657470703125 88.6049041748046875 82.08492279052734375 81.6891632080078125 86.74964141845703125 95.39752960205078125 104.24475860595703125 113.60350799560546875 133.5641632080078125 151.792999267578125 151.786468505859375 113.498565673828125 94.7435760498046875 91.63545989990234375 90.7828216552734375 90.19924163818359375 91.53874969482421875 97.65130615234375 108.54309844970703125 113.7429046630859375 104.4946136474609375 98.3061065673828125 95.9411773681640625 97.8801116943359375 102.96678924560546875 175.87750244140625 265.642730712890625 259.7177734375 194.0540313720703125
112.0671234130859375 114.1414642333984375 118.47310638427734375 118.70047760009765625 115.7868194580078125 112.1450958251953125 109.847381591796875 108.08106231689453125 106.37758636474609375 105.15998077392578125 105.22878265380859375 106.98845672607421875 108.25431060791015625 107.174591064453125 106.76702880859375 106.4473419189453125 104.921173095703125 104.4930572509765625 104.00867462158203125 102.247222900390625 100.900634765625 106.294952392578125 130.382049560546875 166.294708251953125 159.03167724609375 120.859649658203125 103.03839111328125 99.34397125244140625 97.4462127685546875 94.60858154296875 94.123291015625 100.348876953125 110.80517578125 113.02021026611328125 108.30577850341796875 99.1716461181640625 99.6484527587890625 108.1247406005859375 204.393951416015625 263.699462890625 259.9053955078125 206.2071380615234375
119.1112518310546875 117.8106536865234375 117.53963470458984375 116.98564910888671875 115.2559051513671875 112.40860748291015625 110.5231475830078125 108.5809478759765625 107.68868255615234375 107.68558502197265625 106.4174957275390625 106.93128204345703125 109.64089202880859375 110.00731658935546875 110.460662841796875 111.0612945556640625 108.636138916015625 105.75312042236328125 105.7273712158203125 106.68593597412109375 105.83742523193359375 103.83582305908203125 108.275238037109375 140.6534423828125 171.339447021484375 160.639556884765625 132.11181640625 125.3166351318359375 126.8187408447265625 125.437530517578125 124.82598114013671875 127.60057830810546875 120.3368072509765625 113.48645782470703125 106.41573333740234375 98.45330810546875 99.4464263916015625 111.959747314453125 223.4811859130859375 263.502777099609375 246.947052001953125 196.3491668701171875
106.3425445556640625 103.60225677490234375 103.08649444580078125 103.99759674072265625 107.2946319580078125 110.30448150634765625 112.776031494140625 116.7166748046875 118.31866455078125 114.27338409423828125 107.7827911376953125 105.6998138427734375 107.31943511962890625 107.77696990966796875 107.3858184814453125 108.1458740234375 108.36235809326171875 105.02462005615234375 100.15692901611328125 97.14835357666015625 96.2405242919921875 97.779144287109375 98.433624267578125 103.9992828369140625 141.2092742919921875 166.17254638671875 150.981719970703125 140.734344482421875 145.9737091064453125 149.33624267578125 152.898895263671875 154.373779296875 146.0428619384765625 135.9320220947265625 120.830963134765625 105.89422607421875 103.0905609130859375 117.139312744140625 238.2913055419921875 267.0167236328125 250.395721435546875 185.437347412109375
109.18212890625 103.1488494873046875 101.28389739990234375 104.83153533935546875 104.10909271240234375 101.1926116943359375 101.223388671875 104.6344146728515625 109.9666290283203125 112.175933837890625 108.13702392578125 105.89252471923828125 108.4303436279296875 110.655426025390625 108.31839752197265625 107.319488525390625 109.88127899169921875 110.7016448974609375 105.552886962890625 97.58535003662109375 91.85157012939453125 88.3754730224609375 83.2630767822265625 80.90270233154296875 89.406402587890625 122.766204833984375 141.5083770751953125 134.162994384765625 130.404388427734375 122.9078826904296875 122.67490386962890625 128.92138671875 131.0016326904296875 134.2837677001953125 126.8610382080078125 114.2683563232421875 109.798095703125 120.81060028076171875 245.4794464111328125 261.72021484375 246.6272735595703125 140.74578857421875
108.92372894287109375 114.99254608154296875 114.93880462646484375 120.660308837890625 122.51202392578125 116.0691986083984375 107.97383880615234375 101.450531005859375 101.15206146240234375 105.28826141357421875 105.67623138427734375 104.97272491455078125 104.9267730712890625 107.545989990234375 111.4572601318359375 113.937652587890625 114.67290496826171875 113.75457763671875 117.4127960205078125 122.26320648193359375 117.8890380859375 105.02022552490234375 85.0014190673828125 75.222747802734375 66.8752899169921875 55.505573272705078125 45.440185546875 34.2722015380859375 26.40099334716796875 29.2627716064453125 33.77915191650390625 38.09394073486328125 48.232524871826171875 63.149810791015625 80.5895843505859375 90.3209228515625 98.27867889404296875 115.82303619384765625 257.114501953125 256.9368896484375 202.610015869140625 187.060638427734375
90.5786590576171875 95.06720733642578125 98.69329071044921875 103.62845611572265625 112.959381103515625 117.519195556640625 119.28697967529296875 121.20250701904296875 120.034515380859375 112.082305908203125 106.06656646728515625 105.11315155029296875 102.4179840087890625 102.31713104248046875 107.1749114990234375 112.28757476806640625 116.08617401123046875 112.92163848876953125 111.38793182373046875 112.9559326171875 116.2081756591796875 121.9743804931640625 118.8419189453125 100.0294952392578125 64.5924530029296875 40.8282470703125 30.483066558837890625 25.85108184814453125 28.788982391357421875 34.90721893310546875 38.811641693115234375 47.954315185546875 61.91286468505859375 73.587799072265625 80.1920166015625 84.6275177001953125 91.4680328369140625 112.783233642578125 260.603271484375 249.7728118896484375 179.0535888671875 210.322235107421875
109.93474578857421875 106.88010406494140625 99.58374786376953125 94.5963592529296875 95.44872283935546875 99.7683258056640625 103.2883758544921875 106.20090484619140625 109.2204742431640625 108.021820068359375 106.1976165771484375 107.156951904296875 105.62085723876953125 97.219818115234375 86.7145538330078125 80.08086395263671875 77.00868988037109375 76.52390289306640625 72.2980499267578125 69.91770172119140625 74.5359039306640625 83.93369293212890625 96.22406768798828125 105.2640838623046875 105.147369384765625 97.6015777587890625 93.81583404541015625 94.97409820556640625 90.12294769287109375 79.9127044677734375 77.58269500732421875 88.4584197998046875 98.58050537109375 107.74944305419921875 110.3630828857421875 103.507598876953125 99.1655731201171875 111.50449371337890625 255.334228515625 232.53106689453125 176.9964599609375 241.6346435546875
108.473480224609375 109.84847259521484375 107.9773406982421875 104.31501007080078125 103.894775390625 104.330596923828125 102.99793243408203125 101.0355072021484375 103.9520416259765625 107.42877197265625 105.0045013427734375 103.15943145751953125 99.04589080810546875 83.114349365234375 69.478912353515625 65.30057525634765625 60.85530853271484375 61.60712432861328125 65.079254150390625 67.23131561279296875 65.42874908447265625 61.78379058837890625 63.42331695556640625 67.91864013671875 95.1963958740234375 122.86212158203125 120.7591400146484375 109.6708984375 93.56826019287109375 85.795166015625 100.0026092529296875 107.2072296142578125 108.7862396240234375 107.483642578125 105.5764312744140625 103.7390594482421875 101.5489501953125 123.9014129638671875 252.0135040283203125 240.161773681640625 220.46673583984375 251.6007537841796875
104.91574859619140625 106.41323089599609375 105.083831787109375 103.01255035400390625 105.11489105224609375 106.82886505126953125 107.4219207763671875 111.1483306884765625 115.5348663330078125 115.08361053466796875 112.17115020751953125 112.33010101318359375 115.05022430419921875 112.0261993408203125 96.3552398681640625 93.22265625 97.2089691162109375 100.8101654052734375 101.293487548828125 98.4415435791015625 89.58058929443359375 83.4340057373046875 82.5715179443359375 82.64052581787109375 88.83760833740234375 100.8933258056640625 113.840484619140625 126.8348388671875 153.84002685546875 129.2134857177734375 107.5505828857421875 104.2845306396484375 104.30901336669921875 103.4691314697265625 103.64667510986328125 105.039642333984375 103.8023834228515625 128.4821624755859375 255.9410400390625 262.343292236328125 256.3616943359375 246.9542999267578125
