InputData/KvamCaseStudy/aspect.asc
ncols        91
nrows        135
xllcorner    218505.000000000000
yllcorner    6850365.000000000000
cellsize     10.000000000000
NODATA_value  -9999
[rows 108 to 125 of 135, columns 0 to 41 of 91]
94.36714935302734375 89.6131744384765625 88.0036163330078125 94.46025848388671875 123.3482666015625 142.8057098388671875 134.9767303466796875 123.387176513671875 111.0992431640625 107.06105804443359375 108.92343902587890625 108.67449188232421875 110.61115264892578125 107.44915008544921875 105.12700653076171875 108.152587890625 109.1594390869140625 105.577972412109375 103.12267303466796875 104.8126220703125 105.98615264892578125 106.32845306396484375 109.76930999755859375 112.9199371337890625 114.1734161376953125 107.2988128662109375 99.526702880859375 97.44078826904296875 95.97074127197265625 94.27988433837890625 94.70003509521484375 96.84284210205078125 100.59639739990234375 105.6963653564453125 109.7945098876953125 110.3357086181640625 112.9974212646484375 121.3809661865234375 128.0179595947265625 127.9764862060546875 124.3844757080078125 121.5404510498046875
85.9699859619140625 86.142974853515625 84.868621826171875 80.61258697509765625 88.22516632080078125 119.45796966552734375 133.22467041015625 138.828033447265625 130.061676025390625 117.4916229248046875 114.96106719970703125 115.0401611328125 113.97809600830078125 111.20114898681640625 107.2465972900390625 105.20667266845703125 105.2606048583984375 100.90069580078125 95.92517852783203125 95.921142578125 100.03023529052734375 102.34027099609375 101.75926971435546875 98.7561187744140625 99.628875732421875 102.9409332275390625 101.84845733642578125 101.389892578125 100.8775482177734375 99.4340972900390625 97.9383544921875 95.35701751708984375 93.1689910888671875 91.46114349365234375 90.7614593505859375 91.53704833984375 88.28055572509765625 83.28440093994140625 87.0640869140625 97.9816741943359375 106.36518096923828125 112.78812408447265625
95.66400146484375 82.77030181884765625 75.2333221435546875 67.8975067138671875 69.44317626953125 85.29410552978515625 106.0156097412109375 129.4129638671875 139.6164398193359375 127.2716522216796875 119.623199462890625 121.43225860595703125 117.207550048828125 111.5342559814453125 107.74029541015625 102.2503662109375 100.1295013427734375 102.40777587890625 104.1618804931640625 102.45843505859375 100.23956298828125 98.01749420166015625 94.62578582763671875 91.34011077880859375 92.510589599609375 96.12291717529296875 96.2803955078125 96.5108184814453125 99.9459075927734375 103.3659210205078125 104.2302703857421875 104.98682403564453125 103.03597259521484375 99.2318115234375 96.53012847900390625 93.617767333984375 88.31777191162109375 84.3202972412109375 87.53032684326171875 90.8812255859375 87.82576751708984375 85.82959747314453125
141.901458740234375 99.19997406005859375 80.1896514892578125 73.3331451416015625 71.160247802734375 74.30865478515625 83.00284576416015625 96.4028167724609375 118.9815216064453125 123.065032958984375 119.26105499267578125 120.38629913330078125 118.8765716552734375 113.3064117431640625 109.31598663330078125 107.17353057861328125 106.98081207275390625 108.8074493408203125 111.3458251953125 110.41693115234375 105.5557098388671875 101.50240325927734375 99.44887542724609375 98.82953643798828125 102.01718902587890625 107.0215301513671875 104.71224212646484375 99.00090789794921875 97.9677581787109375 100.15069580078125 100.53520965576171875 98.74010467529296875 97.222564697265625 97.762603759765625 99.20381927490234375 101.85717010498046875 107.06943511962890625 110.666778564453125 112.262420654296875 116.4948272705078125 117.24726104736328125 110.0265655517578125
176.7427215576171875 144.779754638671875 107.38547515869140625 89.8371124267578125 80.4131011962890625 78.20772552490234375 79.9128570556640625 84.58979034423828125 97.8852996826171875 109.49285888671875 113.67437744140625 118.54967498779296875 120.303131103515625 115.6241912841796875 112.6455535888671875 113.0727691650390625 111.50896453857421875 105.77216339111328125 100.4310760498046875 100.14017486572265625 101.63394927978515625 101.9839630126953125 103.8359527587890625 105.0023345947265625 105.16144561767578125 107.5912322998046875 109.97934722900390625 108.8303070068359375 105.9521026611328125 104.67919921875 104.47351837158203125 102.1871337890625 98.3260955810546875 95.17475128173828125 93.03926849365234375 93.7385406494140625 100.07208251953125 107.4903106689453125 107.71186065673828125 107.0822601318359375 112.56389617919921875 120.59784698486328125
183.6952667236328125 178.036041259765625 150.820831298828125 123.139617919921875 99.23151397705078125 86.16446685791015625 85.47643280029296875 88.357177734375 94.061065673828125 104.40479278564453125 111.566070556640625 114.972900390625 118.249664306640625 113.9852752685546875 111.33050537109375 112.38176727294921875 112.81961822509765625 108.1177215576171875 101.0771331787109375 98.7546539306640625 99.1802825927734375 99.36362457275390625 101.9163665771484375 105.2353973388671875 105.3014373779296875 106.27202606201171875 108.9929046630859375 108.61407470703125 105.3280029296875 101.99854278564453125 102.7282867431640625 106.9746856689453125 109.16124725341796875 106.2865447998046875 99.16109466552734375 93.20369720458984375 91.76671600341796875 93.0346221923828125 92.65842437744140625 93.7692413330078125 97.67549896240234375 101.61481475830078125
173.94854736328125 183.5081634521484375 172.04229736328125 155.990386962890625 136.958953857421875 112.677703857421875 100.5967254638671875 95.0433807373046875 95.09619903564453125 102.02454376220703125 105.07386016845703125 102.86483001708984375 104.00218963623046875 103.8355255126953125 105.0556182861328125 108.3625946044921875 112.3153076171875 115.657135009765625 112.40366363525390625 106.02750396728515625 103.36815643310546875 104.3047637939453125 105.04714202880859375 107.296356201171875 108.63824462890625 108.000579833984375 108.5752716064453125 108.0630950927734375 107.1204833984375 105.02452850341796875 102.470306396484375 104.1253662109375 108.00366973876953125 110.79796600341796875 111.0446014404296875 108.46985626220703125 104.37400054931640625 100.7255401611328125 97.2661285400390625 95.37683868408203125 94.34812164306640625 93.6297760009765625
151.7574920654296875 176.9230194091796875 176.036956787109375 170.0806427001953125 158.337158203125 131.4111175537109375 109.31103515625 95.51598358154296875 93.00885009765625 94.975555419921875 94.0839691162109375 91.880462646484375 92.97843170166015625 97.0657806396484375 101.1866607666015625 106.54523468017578125 110.8763885498046875 112.0721282958984375 112.49908447265625 111.46338653564453125 109.86968994140625 112.43163299560546875 112.87474822998046875 110.8913726806640625 110.53656005859375 109.9691925048828125 109.649139404296875 109.33553314208984375 108.41056060791015625 106.4653167724609375 103.31670379638671875 102.87065887451171875 106.41196441650390625 111.22985076904296875 115.34619903564453125 117.75125885009765625 117.73974609375 115.45906829833984375 110.9537353515625 103.833526611328125 100.16959381103515625 101.616912841796875
129.9329986572265625 164.4803619384765625 170.087371826171875 170.829498291015625 165.6181640625 140.276824951171875 117.24639892578125 100.1962890625 93.45555877685546875 89.74556732177734375 88.04788970947265625 89.7664642333984375 94.07477569580078125 100.59662628173828125 105.8897705078125 109.40160369873046875 110.84584808349609375 110.276123046875 112.5216064453125 114.3180999755859375 111.010223388671875 110.931884765625 111.89925384521484375 110.7935638427734375 110.2439422607421875 111.3173675537109375 112.79647064208984375 112.69222259521484375 110.903656005859375 107.96407318115234375 105.77520751953125 104.70920562744140625 107.550567626953125 112.97308349609375 114.6967620849609375 113.42022705078125 114.51605224609375 114.36031341552734375 114.53851318359375 116.19185638427734375 114.7266845703125 112.03414154052734375
121.77973175048828125 152.556396484375 166.5257415771484375 166.20465087890625 161.8776702880859375 147.8825225830078125 135.9145050048828125 113.54827880859375 101.6750030517578125 92.75305938720703125 86.10198211669921875 88.21338653564453125 97.8570098876953125 105.437347412109375 107.6060638427734375 106.827178955078125 107.84397125244140625 111.235595703125 114.3468475341796875 115.85208892822265625 110.4945526123046875 106.15143585205078125 104.33446502685546875 104.28824615478515625 102.91301727294921875 101.42874908447265625 104.0708160400390625 109.3819122314453125 113.66925811767578125 112.7784423828125 110.668701171875 110.85330963134765625 112.557037353515625 114.486602783203125 113.14599609375 108.9971466064453125 108.313140869140625 111.1168670654296875 114.25392913818359375 117.88936614990234375 119.01670074462890625 119.6012420654296875
122.790130615234375 143.16217041015625 169.01007080078125 169.36981201171875 157.545440673828125 153.2541351318359375 151.3067779541015625 126.47890472412109375 109.6399688720703125 97.52629852294921875 93.16588592529296875 95.944549560546875 100.54904937744140625 103.52823638916015625 103.03777313232421875 103.6146392822265625 107.77655029296875 108.65290069580078125 110.14608001708984375 112.92015838623046875 110.895050048828125 109.44857025146484375 110.319091796875 110.82677459716796875 109.135955810546875 105.15460968017578125 102.7899932861328125 105.5388641357421875 110.84659576416015625 111.9610443115234375 114.49250030517578125 115.0156097412109375 112.80568695068359375 109.53696441650390625 106.4123077392578125 104.5572662353515625 102.27715301513671875 102.093231201171875 101.680633544921875 100.6532440185546875 100.85366058349609375 104.34372711181640625
125.832000732421875 133.434967041015625 161.032958984375 165.459564208984375 151.344146728515625 149.744781494140625 152.79376220703125 136.3861846923828125 119.93750762939453125 105.16934967041015625 102.72308349609375 105.83679962158203125 103.40070343017578125 100.55818939208984375 103.03925323486328125 108.123626708984375 108.30127716064453125 104.5402984619140625 105.56005096435546875 110.08765411376953125 110.2521209716796875 108.61910247802734375 109.474945068359375 112.63422393798828125 117.3714141845703125 119.4330291748046875 115.55225372314453125 112.019622802734375 114.34932708740234375 115.44803619384765625 114.63553619384765625 109.71038055419921875 102.873992919921875 100.64090728759765625 103.843658447265625 108.7327728271484375 111.3585662841796875 107.54416656494140625 104.33917999267578125 104.12055206298828125 102.97119903564453125 100.197723388671875
124.2845001220703125 127.0195770263671875 146.6988372802734375 153.1652069091796875 144.1567230224609375 140.40087890625 143.50811767578125 138.95574951171875 132.851287841796875 121.1598358154296875 115.7193145751953125 112.7851104736328125 108.02681732177734375 104.8878173828125 105.00923919677734375 108.9915313720703125 109.66909027099609375 105.340423583984375 103.480224609375 107.300201416015625 111.68309783935546875 110.25611114501953125 106.8680419921875 105.16846466064453125 108.967803955078125 115.732757568359375 119.5794525146484375 119.2253570556640625 118.89996337890625 117.00750732421875 111.4461822509765625 103.33329010009765625 98.00075531005859375 99.25826263427734375 104.1624298095703125 112.4624786376953125 122.7908477783203125 125.3970184326171875 120.63646697998046875 117.52530670166015625 117.4445343017578125 116.36307525634765625
109.11022186279296875 109.24086761474609375 127.64560699462890625 140.844940185546875 143.38677978515625 144.753631591796875 147.922210693359375 144.761810302734375 139.7345428466796875 129.77374267578125 126.661102294921875 120.5844879150390625 112.37436676025390625 109.33701324462890625 106.60169219970703125 108.92163848876953125 113.3244781494140625 113.67259979248046875 110.1950531005859375 108.17474365234375 109.611663818359375 111.288421630859375 114.26450347900390625 114.33118438720703125 111.25762176513671875 106.89557647705078125 102.9693145751953125 103.33441162109375 108.3745269775390625 113.10150146484375 113.79033660888671875 111.1714935302734375 108.26434326171875 104.3601531982421875 101.28546142578125 101.99053955078125 108.55428314208984375 117.3030242919921875 118.71479034423828125 117.014495849609375 118.3700714111328125 120.67913818359375
97.906402587890625 99.0677490234375 113.579315185546875 127.78955078125 132.097198486328125 138.9640045166015625 151.41351318359375 152.55914306640625 140.816375732421875 129.2909088134765625 125.0047607421875 119.38800048828125 113.67784881591796875 111.69388580322265625 109.81124114990234375 111.3699951171875 113.40570068359375 115.33109283447265625 116.3516998291015625 115.8292999267578125 113.988555908203125 112.31690216064453125 115.50299835205078125 118.91217041015625 120.06861114501953125 117.77716064453125 110.925811767578125 101.82695770263671875 99.519012451171875 104.3085784912109375 110.42339324951171875 115.28101348876953125 120.03619384765625 120.16759490966796875 109.8255462646484375 99.1049041748046875 95.4321136474609375 97.523651123046875 102.613311767578125 102.3844451904296875 101.37360382080078125 103.76723480224609375
106.80588531494140625 100.3457794189453125 102.67728424072265625 109.6413421630859375 111.82674407958984375 118.24981689453125 134.8817291259765625 145.7218475341796875 136.3960723876953125 123.0252532958984375 114.511199951171875 110.50002288818359375 111.1385650634765625 111.65753173828125 107.96142578125 106.3833770751953125 107.56758880615234375 110.749969482421875 114.61985015869140625 117.088592529296875 118.66696929931640625 117.856292724609375 117.87359619140625 119.57028961181640625 124.2015228271484375 130.030242919921875 134.3873291015625 131.25531005859375 117.25506591796875 104.520904541015625 101.49823760986328125 103.5386962890625 105.354248046875 112.1332855224609375 117.22797393798828125 112.46433258056640625 108.78188323974609375 105.2504119873046875 103.29651641845703125 101.59958648681640625 102.26514434814453125 104.4608612060546875
121.1923675537109375 111.96413421630859375 103.343597412109375 97.08697509765625 95.41641998291015625 99.01117706298828125 108.63729095458984375 120.631591796875 120.19341278076171875 115.08089447021484375 112.823333740234375 109.29547119140625 109.303680419921875 111.24726104736328125 106.033599853515625 100.2154083251953125 101.4220123291015625 105.2486572265625 107.9080352783203125 107.82196044921875 108.0961761474609375 108.5750732421875 107.002655029296875 105.7887725830078125 108.76154327392578125 114.7044830322265625 122.1144256591796875 129.979949951171875 134.735137939453125 131.22479248046875 116.012969970703125 104.0382232666015625 97.64409637451171875 97.763580322265625 105.24335479736328125 108.96593475341796875 111.7755889892578125 117.1158905029296875 124.053253173828125 123.2243499755859375 118.86885833740234375 120.91766357421875
122.55242919921875 117.57050323486328125 116.19031524658203125 113.420318603515625 106.8524627685546875 100.74208831787109375 97.2496490478515625 100.24855804443359375 109.4364471435546875 116.01094818115234375 117.26837158203125 113.7248687744140625 112.47754669189453125 118.07372283935546875 120.5910797119140625 113.1685791015625 107.69861602783203125 104.50261688232421875 101.64217376708984375 99.787872314453125 97.8397369384765625 93.85970306396484375 90.86128997802734375 89.73499298095703125 89.48480987548828125 88.72032928466796875 87.5637969970703125 91.41655731201171875 105.6764984130859375 126.7985382080078125 132.95806884765625 120.0926361083984375 109.2818145751953125 106.6014251708984375 106.07231903076171875 105.907928466796875 106.96746826171875 108.4016571044921875 116.2839813232421875 122.2058868408203125 118.857452392578125 121.204620361328125
