InputData/KvamCaseStudy/dem.asc
ncols 	 91 
nrows 	 135 
xllcorner 	 218505.00 
yllcorner 	 6850365.00 
cellsize 	 10.0 
NODATA_value 	 -9999 
[rows 0 to 31 of 135, columns 0 to 70 of 91]
800.82 797.82 793.34 789.43 786.30 783.15 782.24 780.99 780.01 779.15 778.29 775.83 773.92 772.78 771.37 770.00 768.56 768.01 767.29 765.74 763.94 763.55 761.95 760.13 758.07 754.48 750.96 747.34 744.44 741.44 738.70 735.30 731.70 728.15 724.43 720.33 715.89 711.27 707.01 701.93 698.10 693.58 689.12 685.67 681.49 676.53 672.10 668.02 663.93 659.83 654.79 649.60 643.15 637.53 633.42 627.50 623.49 618.37 612.50 606.31 601.14 596.55 591.93 588.01 584.83 581.51 576.65 571.55 566.45 563.19 560.90
799.73 796.20 792.95 789.55 786.23 783.08 782.23 781.42 779.84 778.76 776.87 775.42 773.64 772.78 771.82 770.09 770.19 768.97 767.77 766.30 764.89 763.85 762.31 760.67 758.26 755.20 751.39 747.78 744.97 741.24 738.15 734.84 731.56 727.75 724.04 720.07 715.25 710.52 705.80 701.40 697.70 693.89 689.56 685.89 681.45 676.90 673.20 668.79 664.15 659.98 655.51 649.97 644.31 639.36 634.34 629.46 625.76 621.67 614.44 607.21 602.24 597.43 592.09 587.92 584.83 580.87 576.24 571.37 566.85 563.42 560.29
798.65 795.07 791.56 788.93 786.89 783.91 781.71 781.33 779.67 777.88 776.32 775.16 773.73 772.31 771.56 770.34 771.02 769.89 768.39 766.79 765.19 763.72 762.13 761.01 758.42 755.08 751.39 747.63 744.93 741.54 738.32 735.39 732.48 728.68 724.64 719.74 714.88 710.39 706.10 702.05 698.24 694.27 689.62 685.74 682.50 678.46 674.86 669.07 664.94 659.83 654.96 649.96 645.74 640.89 635.58 631.38 627.47 623.48 616.98 606.34 600.61 596.40 591.65 587.38 583.55 578.68 574.76 570.61 566.78 563.45 559.81
798.66 795.14 792.01 787.99 784.67 781.89 782.50 781.49 780.16 778.60 776.34 774.94 773.93 772.62 771.34 770.62 771.11 770.82 768.68 767.17 765.67 763.21 762.47 760.84 758.63 755.06 751.75 747.89 744.34 741.38 738.45 735.50 732.84 727.94 724.02 719.96 716.14 711.16 707.06 702.76 698.66 694.52 689.73 685.82 683.18 679.72 675.86 669.50 665.20 660.17 655.41 649.88 645.14 640.29 635.67 630.49 626.37 621.37 613.40 604.57 599.32 595.31 591.73 586.64 582.37 577.52 574.74 571.61 568.18 564.42 561.46
799.23 795.55 791.30 787.24 784.37 781.86 779.68 781.30 780.41 778.69 776.65 775.42 774.38 772.50 771.74 770.27 771.12 771.16 769.23 767.32 766.15 763.57 762.49 760.87 758.18 754.85 751.56 748.14 744.65 741.70 738.49 735.36 732.20 727.10 723.15 720.03 715.98 712.05 707.90 703.71 699.12 694.85 690.95 686.45 683.24 680.56 676.72 670.36 666.19 660.81 656.07 650.45 645.30 640.59 635.69 630.81 625.84 621.69 613.90 605.14 600.38 594.81 591.14 586.41 582.13 577.51 574.44 571.71 568.33 565.17 561.76
798.56 795.15 791.56 786.78 783.66 781.57 779.31 777.98 780.24 779.06 777.57 775.32 774.20 773.31 771.50 770.00 770.37 770.40 769.30 767.71 766.22 763.19 762.06 760.66 758.25 755.30 752.50 748.99 745.06 742.19 738.96 735.09 731.00 727.24 722.63 719.38 715.87 712.29 708.01 703.69 699.61 695.71 690.96 687.49 682.97 680.37 675.94 671.86 666.30 661.65 655.83 651.28 646.02 640.81 636.02 630.83 625.11 619.12 612.14 608.33 603.24 597.93 594.02 588.21 583.99 580.11 575.71 571.08 568.01 565.24 562.19
798.98 795.53 791.16 787.33 784.46 782.47 780.25 776.84 777.12 778.81 777.61 775.50 773.75 773.15 771.87 770.53 769.45 769.52 769.11 767.79 766.21 763.25 762.10 760.29 758.77 755.71 753.11 750.40 745.97 742.52 738.74 734.68 731.12 727.18 723.10 719.84 716.45 712.24 707.64 704.02 700.19 696.23 691.92 688.15 683.82 680.93 676.09 672.93 668.20 661.69 656.28 651.52 646.45 641.28 635.82 630.57 625.07 619.19 614.52 610.43 604.98 599.22 594.59 589.38 584.93 580.69 576.07 571.87 568.41 565.28 562.04
798.90 794.94 791.94 788.62 785.60 782.82 780.61 777.41 775.56 777.99 777.30 775.88 774.15 772.85 772.07 770.56 769.14 769.24 768.51 767.37 765.55 762.88 761.88 759.89 758.46 756.34 753.26 750.26 747.20 742.92 738.69 735.06 731.91 728.07 724.19 720.32 716.99 712.68 708.10 704.82 701.03 696.82 693.28 689.06 685.50 681.57 676.32 673.54 669.87 664.81 656.81 651.30 646.29 641.33 635.87 630.23 624.70 619.29 613.88 609.99 604.16 599.16 594.24 589.88 585.86 582.16 577.78 574.14 569.82 567.49 563.37
799.76 795.63 792.34 789.22 786.31 783.56 780.35 777.43 775.16 774.75 776.68 775.90 774.70 773.09 772.13 770.71 768.33 768.26 767.86 766.96 765.41 762.70 761.42 760.10 758.50 756.18 754.28 752.02 748.30 743.82 739.65 736.43 732.12 727.55 723.71 720.35 716.98 713.23 709.15 705.29 701.27 697.26 694.05 690.16 688.10 682.77 678.02 675.08 670.56 665.60 659.15 650.61 645.08 640.67 635.00 629.49 624.40 618.54 613.14 608.08 602.68 597.00 592.73 588.86 585.99 582.07 579.40 575.19 570.76 564.76 558.64
800.29 797.16 793.69 790.48 786.80 784.64 782.08 779.14 776.48 774.44 773.86 775.20 773.80 773.11 771.97 770.12 768.38 767.45 767.53 766.57 765.17 762.46 761.73 760.06 758.79 756.94 755.05 753.18 748.78 744.36 740.15 736.45 732.60 728.00 724.14 720.56 716.96 713.28 709.52 705.73 701.34 697.67 694.67 690.94 686.92 683.42 678.80 674.95 670.43 665.15 658.83 650.74 645.55 640.09 634.65 629.18 623.70 618.14 612.63 607.96 602.85 597.31 592.09 588.18 583.91 578.79 572.90 568.96 565.58 560.69 554.99
800.44 798.25 794.73 791.86 788.48 785.41 783.20 780.51 778.38 775.35 773.14 772.96 773.20 772.76 772.49 770.42 768.20 766.63 765.43 766.00 764.94 762.91 761.29 759.55 758.65 757.25 755.44 752.99 749.21 743.73 740.13 736.71 732.85 728.20 725.01 721.91 717.45 713.49 709.08 705.76 702.05 697.84 694.82 692.21 686.65 683.86 679.88 674.62 669.37 663.76 656.43 649.87 644.70 639.24 633.67 628.69 623.11 617.85 612.45 606.73 601.99 598.72 594.09 588.97 584.01 579.09 572.07 565.82 559.69 555.45 552.50
800.79 798.28 795.20 792.97 789.88 787.27 784.32 781.92 779.23 777.62 773.61 772.02 771.86 772.64 772.14 770.83 768.08 766.44 765.33 764.37 763.69 762.82 761.28 759.79 758.24 756.79 755.48 752.56 748.72 744.37 740.63 736.77 733.13 728.05 724.33 721.23 717.19 713.28 708.92 706.09 702.11 698.46 695.78 691.92 686.95 684.27 680.48 674.15 668.43 661.69 656.59 649.93 643.42 637.38 632.95 629.80 624.86 619.14 613.52 608.83 603.70 598.44 592.63 587.37 580.83 575.11 570.43 564.64 558.42 553.51 547.86
800.58 798.32 796.36 793.45 790.46 787.88 784.46 781.84 779.48 777.74 775.02 771.99 771.24 771.68 770.82 769.76 767.89 766.50 765.40 764.20 762.96 762.02 760.71 759.64 757.92 756.00 753.61 751.17 748.47 745.74 741.35 736.93 732.42 727.76 724.19 720.83 717.68 713.07 709.95 706.94 702.53 699.44 694.95 692.31 688.31 685.22 680.98 676.18 668.80 662.01 656.24 649.01 641.43 633.52 629.14 623.58 621.39 617.75 613.64 609.11 603.23 596.32 590.12 584.70 579.61 573.62 567.08 562.10 556.95 553.11 550.00
800.74 797.61 795.66 793.60 790.92 788.29 785.01 782.16 780.21 778.02 776.28 773.33 770.84 769.19 768.31 768.14 767.96 766.01 765.35 763.62 763.11 760.97 760.82 760.49 757.48 755.85 753.68 751.38 748.68 745.26 741.04 736.95 732.56 728.26 724.61 720.96 717.74 713.97 710.42 707.05 702.46 699.29 694.89 692.80 689.04 684.86 680.94 676.18 670.11 662.57 655.10 648.33 641.07 632.91 627.58 620.96 615.25 611.25 606.75 601.77 597.45 592.51 586.77 581.92 576.78 571.97 568.82 564.95 561.88 559.65 556.98
800.81 798.05 795.50 793.13 791.46 788.76 785.50 782.98 780.43 777.89 776.27 774.64 771.75 769.60 766.96 766.23 765.93 765.87 764.80 763.48 762.33 760.82 760.83 759.42 757.61 755.73 753.70 751.66 749.15 745.30 741.07 737.15 733.12 728.70 724.95 721.86 718.42 714.35 710.96 707.65 702.81 698.93 695.70 693.26 689.53 685.46 680.97 675.05 668.64 661.14 654.15 647.21 639.71 632.64 626.89 620.04 615.22 610.43 605.44 600.59 596.33 590.94 586.30 583.56 580.12 577.08 574.51 571.62 568.39 565.83 563.09
800.29 798.31 795.86 793.86 791.68 789.12 786.07 783.33 780.68 778.67 776.88 774.72 773.01 771.22 768.91 766.37 765.40 764.96 764.26 762.92 762.17 760.75 760.57 759.25 757.63 755.36 753.34 751.33 749.23 745.73 740.59 736.62 732.95 729.31 725.40 721.65 718.02 714.61 711.09 707.70 704.03 699.71 696.79 693.39 688.89 684.80 678.22 672.70 666.09 658.51 651.49 645.91 639.58 633.08 628.28 622.08 617.96 613.27 608.99 603.61 600.18 595.20 590.84 589.24 586.52 584.05 581.92 577.81 573.57 570.07 566.40
799.41 797.31 795.16 793.25 791.27 788.86 785.83 783.77 781.11 778.83 776.71 775.04 773.18 771.39 770.59 767.99 766.45 764.68 763.85 763.06 761.79 760.61 759.86 758.75 757.41 755.19 753.16 751.19 748.94 745.84 741.20 736.39 732.83 729.59 725.68 721.59 717.90 714.42 711.11 707.75 704.45 700.62 697.80 693.67 689.17 683.99 676.29 671.07 664.66 658.59 652.88 647.57 641.96 636.04 629.65 625.50 622.07 617.54 613.98 609.17 603.63 598.77 594.90 591.52 586.90 584.85 581.39 578.30 574.28 569.52 565.66
800.05 797.40 794.18 792.42 790.27 788.00 785.38 784.14 781.97 779.44 777.70 775.68 774.06 771.45 770.16 768.32 767.58 765.76 763.71 762.95 761.75 760.58 759.32 758.31 757.01 754.96 752.89 750.81 748.50 745.23 740.75 736.55 734.05 730.53 726.34 721.97 718.22 714.15 710.99 707.47 704.51 701.27 698.77 694.64 690.17 682.93 677.65 671.16 665.85 660.08 655.64 649.35 643.37 637.37 632.66 628.27 624.61 619.70 614.58 609.61 605.04 599.97 595.16 590.40 585.33 580.65 577.06 574.91 574.27 569.61 564.71
800.61 798.09 795.10 791.87 790.40 788.04 785.85 783.53 781.87 780.23 777.35 774.66 773.70 771.47 769.31 768.65 767.25 766.31 764.64 762.66 761.46 760.45 759.17 758.02 756.61 754.70 752.55 750.54 748.10 745.15 741.51 737.84 734.73 730.87 726.49 722.46 718.36 714.36 710.68 708.17 704.99 702.31 699.36 695.01 688.92 683.20 678.34 672.65 667.27 661.88 655.92 649.13 642.83 636.51 631.17 626.12 621.97 615.65 610.63 605.87 602.10 597.57 593.24 588.73 584.14 579.93 575.65 571.20 567.27 564.86 559.77
800.60 797.90 795.72 792.40 790.21 788.82 786.24 784.07 782.09 779.53 777.74 774.54 772.75 772.10 769.76 768.22 766.88 766.13 765.05 762.55 760.95 759.96 758.89 758.25 756.22 754.32 752.10 749.80 747.55 744.83 741.70 738.14 734.76 730.26 726.56 722.63 718.32 714.88 711.80 707.94 703.99 700.76 697.95 693.66 687.14 681.97 676.58 670.56 665.38 659.91 654.11 647.78 641.11 633.94 625.78 621.28 617.64 615.56 609.09 603.25 597.99 593.75 588.84 584.35 578.87 575.82 572.38 565.94 562.35 558.82 554.96
800.63 798.28 796.01 792.88 790.09 788.47 786.47 783.83 781.34 779.57 777.47 774.90 772.97 771.46 770.14 768.56 767.10 765.75 764.45 761.98 760.61 759.47 758.59 757.66 755.44 753.76 751.35 749.10 747.03 744.41 741.08 737.62 734.31 730.61 726.96 723.23 718.91 715.15 713.21 708.88 703.99 700.58 696.87 692.82 688.23 682.72 677.33 671.17 666.21 659.93 653.69 648.49 643.03 635.53 628.10 619.13 611.34 607.66 606.00 601.90 596.56 592.22 587.13 581.47 575.04 570.15 566.52 560.84 556.83 553.19 549.34
801.03 799.03 796.51 794.17 790.36 787.86 786.03 784.11 780.96 779.06 777.45 775.32 773.20 771.03 769.62 769.17 767.15 766.06 764.44 761.63 760.24 758.88 757.82 756.63 754.73 752.71 749.98 748.06 746.76 744.31 741.00 736.78 733.55 730.39 727.57 723.77 719.33 714.91 712.11 708.72 704.79 701.31 697.84 693.43 688.87 684.37 677.75 672.27 665.79 660.33 654.11 647.51 641.31 635.77 628.19 619.61 611.28 604.81 599.16 596.26 592.51 591.09 586.19 580.33 573.73 567.73 562.52 556.75 552.22 549.32 546.76
801.28 799.02 796.95 794.41 791.18 788.06 785.47 783.95 781.18 779.29 777.16 775.19 773.04 771.25 769.77 767.99 767.77 765.62 764.49 761.72 760.11 758.15 757.40 756.21 754.36 752.23 749.23 747.81 743.89 742.31 739.47 736.03 733.64 730.09 726.43 722.96 718.63 715.07 711.17 708.07 704.67 700.74 697.13 693.67 689.66 684.30 678.69 672.02 667.41 659.86 652.87 647.39 641.35 635.24 625.60 617.57 612.30 606.52 601.12 593.81 587.12 582.40 578.22 574.38 570.07 566.20 563.32 560.72 556.99 554.60 552.35
802.43 799.82 796.99 794.21 791.47 788.13 785.68 782.80 781.19 779.47 776.46 775.27 773.38 770.65 769.42 768.45 766.67 765.70 764.93 762.92 760.39 758.03 756.96 755.34 753.69 751.61 749.14 746.34 743.04 740.27 737.06 734.56 731.08 727.94 723.95 720.16 717.02 713.80 710.45 707.23 703.57 700.36 697.36 693.20 688.99 683.98 677.93 671.89 666.26 659.60 652.68 646.15 639.88 634.34 628.55 621.82 615.38 609.26 603.72 597.77 592.47 587.90 582.85 578.44 575.07 571.97 569.10 566.08 563.31 561.07 558.57
803.65 798.66 794.85 792.71 791.93 788.48 785.39 783.41 780.65 778.38 776.84 775.21 773.44 771.73 769.21 768.10 766.42 765.04 764.28 762.59 760.35 758.56 756.31 754.35 752.32 750.76 748.83 745.97 743.89 741.92 739.84 736.15 731.87 727.72 724.63 721.90 718.32 715.30 713.05 708.95 704.80 700.53 697.58 693.33 689.18 683.71 678.63 673.13 667.16 660.18 654.78 649.39 643.80 636.93 629.32 622.81 617.34 612.71 607.22 601.37 596.36 591.84 587.24 584.52 580.68 578.89 575.36 572.08 569.51 567.59 564.66
802.13 797.50 793.86 791.08 789.31 787.11 784.86 783.70 781.37 778.89 776.53 774.74 772.99 771.32 770.03 767.84 766.36 764.31 763.35 762.64 759.97 758.68 756.73 753.72 751.98 750.19 748.20 745.86 743.41 740.94 739.20 735.76 732.54 728.47 725.39 722.74 719.59 717.85 714.00 709.08 704.60 700.15 697.20 693.10 688.24 683.12 678.36 673.97 667.02 659.24 653.42 648.97 643.44 635.76 629.02 623.78 619.57 614.98 610.37 605.46 601.35 597.08 592.91 588.52 584.26 581.76 580.07 576.88 571.44 566.23 561.70
802.21 798.81 795.35 792.45 789.46 786.88 784.24 782.32 780.87 779.31 776.78 774.40 773.20 771.28 769.20 768.19 765.99 763.87 762.77 760.97 759.27 758.28 756.10 753.72 751.54 749.99 748.16 745.69 742.61 739.22 736.83 734.80 732.45 727.92 724.47 721.19 718.48 715.62 712.16 708.17 704.21 700.15 696.48 692.31 688.10 683.07 678.40 672.73 666.16 659.30 651.71 645.43 640.04 633.36 625.37 619.45 614.40 608.41 604.07 597.77 594.11 590.14 586.25 582.89 578.41 575.44 572.20 571.24 566.34 560.14 554.79
803.38 799.91 797.00 794.72 791.81 788.47 785.59 782.76 780.71 778.73 776.92 774.23 772.92 771.65 769.53 767.61 765.97 763.21 763.16 761.94 758.05 757.77 755.23 753.18 751.40 749.73 747.44 743.98 741.10 738.42 736.10 735.58 731.77 727.81 725.42 721.77 718.11 714.86 711.11 707.13 703.19 699.33 695.41 690.47 686.37 681.65 676.26 668.29 662.57 656.14 649.95 642.34 635.86 629.04 622.03 617.42 613.57 610.27 602.59 598.18 593.73 589.76 585.30 581.95 579.37 575.76 569.80 564.74 562.20 556.53 551.53
804.47 801.64 798.42 795.70 792.82 790.59 787.12 783.98 781.53 779.14 776.56 775.11 772.69 771.38 770.10 768.10 766.35 764.21 762.83 761.42 758.28 757.05 754.59 751.98 749.89 747.74 745.25 742.79 740.47 737.96 736.11 734.70 731.55 728.46 725.21 721.91 717.89 714.78 711.28 707.33 703.09 698.90 694.82 689.19 684.99 679.92 673.12 666.68 659.60 652.54 646.01 639.27 633.93 629.33 625.75 621.88 617.86 611.54 606.55 603.47 598.14 594.33 591.55 588.51 582.23 576.07 572.36 568.77 563.22 559.84 554.91
805.98 802.44 799.62 797.26 794.25 791.10 788.42 785.26 781.88 779.24 776.64 775.11 773.02 771.39 769.97 769.01 767.00 764.27 762.92 761.23 758.24 756.65 754.25 751.77 749.63 747.24 745.45 743.87 742.28 739.95 737.58 735.11 731.85 728.05 725.18 721.75 718.31 715.07 711.71 707.57 703.39 699.33 695.74 690.79 684.79 677.88 671.48 665.64 660.47 654.04 647.24 642.00 638.12 634.85 631.30 627.84 621.61 615.46 612.05 607.65 602.66 597.33 591.27 585.64 580.21 579.56 578.02 573.18 568.74 563.41 557.78
806.27 802.86 800.48 797.99 794.00 791.08 788.30 785.83 782.36 779.42 777.06 775.46 773.22 771.35 769.45 769.03 766.53 764.17 762.97 759.85 757.10 755.94 753.70 751.84 750.00 748.52 747.01 744.88 742.46 739.68 736.83 734.12 730.94 727.67 725.24 721.42 718.66 715.52 712.29 708.38 704.50 701.40 696.69 691.00 684.56 679.38 675.15 670.11 664.29 656.80 651.96 648.29 645.29 640.58 634.93 628.29 622.43 616.89 612.00 607.15 601.10 594.45 590.19 587.24 586.37 584.88 581.79 577.35 571.98 565.93 560.16
806.98 803.91 800.05 797.24 793.92 791.58 789.03 786.59 782.83 780.28 778.18 776.05 773.70 772.04 769.77 767.63 765.27 763.41 762.37 759.30 756.42 755.39 753.19 751.79 749.39 747.25 745.04 742.55 740.10 737.66 734.97 732.61 729.98 727.62 725.85 722.28 719.42 716.51 713.34 708.87 705.31 702.03 696.85 691.03 686.35 680.41 675.37 670.50 665.66 661.86 657.27 651.54 645.94 641.15 633.12 627.91 622.81 617.69 612.51 606.27 600.34 596.84 595.53 592.86 589.51 585.18 580.76 576.97 571.15 565.66 558.96
