InputData/KvamCaseStudy/dem.asc
ncols        91
nrows        135
xllcorner    218505.000000000000
yllcorner    6850365.000000000000
cellsize     10.000000000000
NODATA_value  -9999
[rows 20 to 39 of 135, columns 44 to 87 of 91]
688.23150634765625 682.7218017578125 677.32867431640625 671.17401123046875 666.211669921875 659.92681884765625 653.689453125 648.49005126953125 643.0302734375 635.53466796875 628.09613037109375 619.1339111328125 611.34429931640625 607.65826416015625 605.997314453125 601.899658203125 596.561767578125 592.2177734375 587.1337890625 581.4739990234375 575.037109375 570.1524658203125 566.5225830078125 560.83734130859375 556.82659912109375 553.19049072265625 549.342041015625 545.09039306640625 541.9483642578125 537.5408935546875 531.99700927734375 525.59759521484375 520.26873779296875 515.0318603515625 511.142547607421875 507.394500732421875 504.037322998046875 501.85833740234375 496.313140869140625 488.3717041015625 481.188690185546875 477.4522705078125 470.935455322265625 464.63958740234375
688.87152099609375 684.3740234375 677.75018310546875 672.272705078125 665.7850341796875 660.3314208984375 654.114990234375 647.5118408203125 641.3076171875 635.7664794921875 628.1949462890625 619.60693359375 611.279296875 604.8065185546875 599.1610107421875 596.26165771484375 592.5146484375 591.0885009765625 586.19036865234375 580.3262939453125 573.72869873046875 567.72625732421875 562.51837158203125 556.7542724609375 552.2244873046875 549.3201904296875 546.759521484375 544.7271728515625 542.01141357421875 538.090576171875 533.1121826171875 528.20367431640625 522.43780517578125 516.7283935546875 513.6893310546875 509.17333984375 504.379058837890625 500.18798828125 495.30499267578125 490.58770751953125 482.784881591796875 476.92852783203125 471.79718017578125 465.799591064453125
689.66412353515625 684.30316162109375 678.6905517578125 672.01507568359375 667.4146728515625 659.8634033203125 652.8719482421875 647.38604736328125 641.35382080078125 635.24169921875 625.6036376953125 617.57049560546875 612.30487060546875 606.52044677734375 601.11962890625 593.8116455078125 587.12078857421875 582.4039306640625 578.22119140625 574.38214111328125 570.0699462890625 566.20050048828125 563.3245849609375 560.7164306640625 556.9913330078125 554.60205078125 552.35101318359375 549.6536865234375 545.6107177734375 541.0848388671875 535.3424072265625 530.9730224609375 525.92138671875 521.2164306640625 517.45196533203125 513.6402587890625 510.526885986328125 505.69915771484375 498.837188720703125 491.191864013671875 486.886962890625 481.37640380859375 476.08544921875 469.818084716796875
688.99407958984375 683.97540283203125 677.9266357421875 671.8948974609375 666.25994873046875 659.601318359375 652.67877197265625 646.149169921875 639.8836669921875 634.341552734375 628.5526123046875 621.81597900390625 615.38427734375 609.26495361328125 603.72161865234375 597.773681640625 592.4708251953125 587.89544677734375 582.8486328125 578.4366455078125 575.072998046875 571.97454833984375 569.1046142578125 566.079833984375 563.31207275390625 561.07281494140625 558.57330322265625 554.875244140625 549.71380615234375 544.2099609375 539.3907470703125 534.379150390625 529.5543212890625 525.53369140625 521.487060546875 519.75006103515625 513.59619140625 507.388427734375 501.781005859375 497.772735595703125 493.85986328125 487.5546875 480.83837890625 473.661102294921875
689.175048828125 683.70770263671875 678.63287353515625 673.1307373046875 667.1641845703125 660.1776123046875 654.7789306640625 649.3936767578125 643.8013916015625 636.92559814453125 629.3228759765625 622.80535888671875 617.341064453125 612.7105712890625 607.22259521484375 601.371337890625 596.3551025390625 591.84423828125 587.24090576171875 584.51531982421875 580.6815185546875 578.8851318359375 575.3583984375 572.0765380859375 569.5125732421875 567.58685302734375 564.6644287109375 558.9547119140625 553.7254638671875 548.72393798828125 545.549072265625 539.54522705078125 535.956298828125 531.89361572265625 528.0164794921875 521.45977783203125 516.340087890625 512.967529296875 508.156036376953125 503.7359619140625 497.472991943359375 490.85748291015625 482.88720703125 475.449462890625
688.2384033203125 683.11602783203125 678.35693359375 673.968994140625 667.01605224609375 659.23809814453125 653.42095947265625 648.96600341796875 643.4365234375 635.76116943359375 629.02410888671875 623.7791748046875 619.57342529296875 614.9752197265625 610.3665771484375 605.46337890625 601.34820556640625 597.07940673828125 592.908447265625 588.5152587890625 584.261962890625 581.75970458984375 580.0712890625 576.878662109375 571.44061279296875 566.229248046875 561.69622802734375 558.47308349609375 556.1265869140625 553.51983642578125 549.49365234375 545.1141357421875 540.6314697265625 536.1348876953125 531.11376953125 526.4183349609375 520.45428466796875 514.46966552734375 509.44439697265625 503.7901611328125 498.309295654296875 491.1427001953125 483.378173828125 475.792144775390625
688.09991455078125 683.0721435546875 678.39935302734375 672.7305908203125 666.15576171875 659.2962646484375 651.7098388671875 645.43017578125 640.0399169921875 633.35650634765625 625.3726806640625 619.4462890625 614.4036865234375 608.40673828125 604.0736083984375 597.770263671875 594.106201171875 590.1412353515625 586.25146484375 582.8912353515625 578.40789794921875 575.43829345703125 572.2034912109375 571.23736572265625 566.33868408203125 560.1417236328125 554.78680419921875 551.15167236328125 547.8424072265625 546.81817626953125 547.89910888671875 544.1199951171875 539.7249755859375 535.77447509765625 531.3319091796875 525.299560546875 519.52734375 513.11279296875 507.4281005859375 500.918548583984375 495.511962890625 489.183990478515625 482.81744384765625 476.513916015625
686.373046875 681.6475830078125 676.2552490234375 668.2921142578125 662.56939697265625 656.14422607421875 649.95233154296875 642.3447265625 635.85546875 629.04364013671875 622.029296875 617.41595458984375 613.56756591796875 610.2664794921875 602.5909423828125 598.1815185546875 593.73162841796875 589.7630615234375 585.2962646484375 581.95159912109375 579.37109375 575.760498046875 569.8043212890625 564.74169921875 562.1993408203125 556.5316162109375 551.5330810546875 547.09149169921875 541.8804931640625 539.2479248046875 540.40484619140625 542.1380615234375 539.73968505859375 535.15704345703125 531.5277099609375 526.29486083984375 521.084228515625 515.2010498046875 508.5341796875 502.9913330078125 497.31048583984375 491.9078369140625 487.2523193359375 479.742218017578125
684.99420166015625 679.91845703125 673.1226806640625 666.6800537109375 659.59588623046875 652.53802490234375 646.009765625 639.2725830078125 633.92584228515625 629.328125 625.7459716796875 621.87994384765625 617.8602294921875 611.53948974609375 606.55267333984375 603.4664306640625 598.14422607421875 594.3304443359375 591.55145263671875 588.51416015625 582.22979736328125 576.07177734375 572.3551025390625 568.77056884765625 563.21923828125 559.83740234375 554.905517578125 549.0379638671875 543.355712890625 538.03558349609375 533.492919921875 533.6693115234375 535.91485595703125 533.085693359375 528.82781982421875 525.3734130859375 520.0003662109375 514.31402587890625 507.668701171875 502.4801025390625 497.014739990234375 491.6416015625 486.75592041015625 481.714996337890625
684.79132080078125 677.8792724609375 671.48370361328125 665.64288330078125 660.46881103515625 654.0355224609375 647.23895263671875 641.9969482421875 638.118408203125 634.849609375 631.297607421875 627.84063720703125 621.607421875 615.46258544921875 612.0516357421875 607.65252685546875 602.66455078125 597.334228515625 591.272216796875 585.63958740234375 580.2078857421875 579.55780029296875 578.02166748046875 573.18408203125 568.73681640625 563.40509033203125 557.775634765625 551.91741943359375 545.3497314453125 538.68121337890625 531.939208984375 526.2501220703125 526.908203125 526.91082763671875 526.43499755859375 522.9090576171875 518.1016845703125 512.0009765625 506.382781982421875 500.621307373046875 494.43414306640625 487.535675048828125 481.834320068359375 477.760711669921875
684.556640625 679.3807373046875 675.15032958984375 670.109619140625 664.2896728515625 656.79681396484375 651.96148681640625 648.29132080078125 645.29486083984375 640.5806884765625 634.92681884765625 628.28570556640625 622.43115234375 616.8870849609375 611.9989013671875 607.1533203125 601.1043701171875 594.44781494140625 590.190673828125 587.2353515625 586.37042236328125 584.88140869140625 581.79248046875 577.348876953125 571.97540283203125 565.93328857421875 560.16070556640625 553.4251708984375 546.31585693359375 538.8023681640625 532.0028076171875 525.31805419921875 520.47003173828125 519.1842041015625 517.15325927734375 517.441162109375 516.3416748046875 512.273681640625 507.517791748046875 500.95587158203125 495.033905029296875 488.3963623046875 482.774810791015625 476.20391845703125
686.354248046875 680.4117431640625 675.37078857421875 670.50146484375 665.662109375 661.8634033203125 657.2691650390625 651.53997802734375 645.93634033203125 641.1534423828125 633.1151123046875 627.9105224609375 622.80767822265625 617.68817138671875 612.509521484375 606.26971435546875 600.3385009765625 596.8406982421875 595.5289306640625 592.8634033203125 589.51123046875 585.1756591796875 580.76055908203125 576.97015380859375 571.1510009765625 565.656005859375 558.9627685546875 551.9835205078125 545.822021484375 539.71038818359375 533.4957275390625 527.50048828125 522.48065185546875 516.31549072265625 510.73626708984375 508.95086669921875 507.761932373046875 505.8345947265625 503.146881103515625 499.812896728515625 493.86334228515625 488.38763427734375 483.008514404296875 476.813873291015625
685.63873291015625 680.29107666015625 676.4080810546875 672.74554443359375 668.248046875 662.02825927734375 656.303466796875 650.78118896484375 644.0830078125 637.62628173828125 631.6009521484375 625.9686279296875 620.4627685546875 615.561767578125 610.5184326171875 606.8297119140625 603.72955322265625 601.42266845703125 598.250732421875 594.64910888671875 590.31744384765625 585.6055908203125 580.76654052734375 575.7257080078125 570.98193359375 566.174072265625 559.99310302734375 553.00390625 546.1707763671875 540.6165771484375 534.6673583984375 529.6680908203125 523.5892333984375 518.2313232421875 512.1671142578125 506.0614013671875 500.989349365234375 498.6365966796875 496.322662353515625 492.32562255859375 489.9078369140625 488.384765625 482.744964599609375 476.23602294921875
685.16644287109375 680.9271240234375 676.42584228515625 672.44091796875 667.1563720703125 662.2113037109375 656.35540771484375 650.92449951171875 645.96112060546875 640.63934326171875 635.77783203125 629.63726806640625 623.85546875 618.4696044921875 614.0640869140625 610.9251708984375 607.0667724609375 603.4725341796875 599.7801513671875 595.32293701171875 590.2669677734375 585.79638671875 581.07135009765625 576.98870849609375 572.58148193359375 567.622314453125 560.58056640625 553.2340087890625 546.775634765625 541.00146484375 535.9437255859375 531.0382080078125 524.9820556640625 519.051513671875 514.247802734375 508.24017333984375 502.36285400390625 497.57757568359375 492.936981201171875 487.254547119140625 483.30865478515625 480.861480712890625 478.65093994140625 473.659088134765625
686.25677490234375 682.2662353515625 678.62786865234375 674.47821044921875 669.65191650390625 663.9698486328125 658.65899658203125 653.4449462890625 647.6832275390625 641.8319091796875 634.810791015625 628.90576171875 624.34136962890625 619.845703125 616.13519287109375 612.55908203125 609.213623046875 605.5380859375 600.0517578125 595.4471435546875 590.7744140625 586.31414794921875 581.868408203125 577.4254150390625 572.57861328125 567.3917236328125 561.63623046875 554.669921875 549.3009033203125 543.32586669921875 537.8956298828125 532.76611328125 527.3297119140625 522.22265625 516.36553955078125 509.0950927734375 503.651885986328125 498.53973388671875 494.0751953125 489.513092041015625 484.700927734375 479.2607421875 475.659759521484375 469.9635009765625
688.1253662109375 683.76312255859375 679.3179931640625 674.351806640625 669.25244140625 663.68316650390625 657.21759033203125 651.581298828125 645.81256103515625 640.6710205078125 634.20648193359375 628.94281005859375 623.23858642578125 619.31182861328125 616.2581787109375 613.52996826171875 610.1512451171875 605.5321044921875 599.89263916015625 594.7364501953125 589.849853515625 585.334716796875 580.872802734375 576.53973388671875 572.302490234375 567.7393798828125 563.23382568359375 558.42034912109375 550.9866943359375 544.7652587890625 540.2130126953125 534.5423583984375 529.24224853515625 523.62176513671875 517.5701904296875 510.629791259765625 505.734588623046875 501.171539306640625 495.755523681640625 491.42022705078125 486.349151611328125 480.886383056640625 476.281646728515625 470.0609130859375
684.5052490234375 680.257568359375 677.1549072265625 673.8140869140625 668.24188232421875 662.97039794921875 657.02398681640625 650.8046875 645.56695556640625 639.103759765625 633.2012939453125 627.215087890625 622.2109375 618.4168701171875 614.8212890625 611.775634765625 608.67584228515625 605.177490234375 599.74267578125 594.4853515625 589.23846435546875 584.67108154296875 580.5931396484375 575.97515869140625 572.0301513671875 566.9622802734375 562.43603515625 557.9896240234375 553.41009521484375 547.609130859375 542.0753173828125 535.8310546875 530.00531005859375 524.3365478515625 518.78863525390625 513.88525390625 508.653228759765625 503.05328369140625 497.781707763671875 491.72845458984375 486.431671142578125 481.553466796875 475.90338134765625 470.377197265625
679.91973876953125 674.8826904296875 670.8465576171875 666.4256591796875 661.85009765625 657.7828369140625 655.081787109375 651.0958251953125 645.411376953125 639.7916259765625 633.49462890625 628.0511474609375 623.4539794921875 618.7396240234375 613.08306884765625 607.60369873046875 605.01654052734375 601.8382568359375 596.64129638671875 591.4432373046875 586.9893798828125 582.30902099609375 577.851806640625 573.89324951171875 569.122802734375 564.18499755859375 559.01812744140625 553.8114013671875 550.0008544921875 546.0281982421875 542.54241943359375 538.38092041015625 534.2882080078125 529.06292724609375 523.49517822265625 518.34967041015625 512.0042724609375 506.273712158203125 499.5535888671875 493.19964599609375 487.104095458984375 481.34521484375 476.67156982421875 472.311798095703125
676.24896240234375 671.20062255859375 666.51422119140625 661.7489013671875 656.9666748046875 651.99365234375 648.21380615234375 642.7255859375 639.50140380859375 635.704345703125 629.553466796875 624.21929931640625 619.37109375 615.2266845703125 610.32611083984375 605.00079345703125 599.77587890625 596.83892822265625 594.83026123046875 591.2677001953125 586.5201416015625 580.96923828125 576.118896484375 570.809814453125 565.73468017578125 560.3582763671875 555.4908447265625 550.74871826171875 546.12786865234375 541.4024658203125 537.405517578125 534.3367919921875 531.47900390625 528.73834228515625 522.60797119140625 516.0301513671875 510.2977294921875 504.77276611328125 499.32220458984375 492.8192138671875 485.607513427734375 479.819915771484375 475.54241943359375 470.849212646484375
677.3988037109375 672.4677734375 667.4893798828125 660.7880859375 654.15728759765625 648.2174072265625 642.58935546875 637.7276611328125 633.229736328125 629.90576171875 625.75689697265625 620.5013427734375 614.62823486328125 610.98406982421875 605.429443359375 601.66473388671875 599.74822998046875 594.5916748046875 590.47454833984375 586.23468017578125 581.6729736328125 578.9114990234375 575.23040771484375 570.9354248046875 566.433349609375 561.53717041015625 557.04779052734375 551.4566650390625 546.15460205078125 541.5489501953125 535.724609375 530.3203125 526.0787353515625 522.1690673828125 519.6854248046875 515.22247314453125 509.076080322265625 503.583221435546875 498.23834228515625 492.88006591796875 486.908294677734375 481.049896240234375 475.545654296875 469.57830810546875
