InputData/KvamCaseStudy/dem.asc
ncols        91
nrows        135
xllcorner    218505.000000000000
yllcorner    6850365.000000000000
cellsize     10.000000000000
NODATA_value  -9999
[rows 100 to 119 of 135, columns 0 to 43 of 91]
745.674560546875 744.36065673828125 742.1058349609375 739.6536865234375 737.6376953125 735.39300537109375 733.10833740234375 730.531982421875 728.78717041015625 726.48565673828125 723.52484130859375 721.02325439453125 718.2314453125 715.35931396484375 712.20068359375 709.46142578125 705.20733642578125 700.0841064453125 696.560546875 692.766845703125 688.8857421875 685.08154296875 680.247802734375 675.31243896484375 672.0806884765625 669.15869140625 665.21435546875 660.749755859375 655.87518310546875 650.31451416015625 645.05224609375 640.95361328125 636.1383056640625 630.6357421875 623.964111328125 618.59674072265625 614.107177734375 609.140625 603.2083740234375 598.81622314453125 594.3883056640625 590.70263671875 586.01043701171875 580.24481201171875
746.62432861328125 744.540771484375 742.2208251953125 739.66839599609375 736.768310546875 735.2154541015625 732.91302490234375 730.5882568359375 728.76983642578125 726.57891845703125 723.3358154296875 720.29779052734375 717.6785888671875 714.7254638671875 711.7252197265625 709.7347412109375 703.6669921875 700.129150390625 696.53460693359375 693.10711669921875 689.39556884765625 685.43072509765625 680.5648193359375 675.47601318359375 671.20758056640625 668.2728271484375 664.493408203125 659.79754638671875 655.0567626953125 649.864013671875 644.81927490234375 639.69537353515625 633.6822509765625 628.075927734375 621.42486572265625 616.23638916015625 612.3807373046875 607.8192138671875 602.46990966796875 597.9146728515625 592.5106201171875 587.0084228515625 580.9840087890625 575.71820068359375
747.56536865234375 744.68658447265625 742.08123779296875 739.51123046875 735.977294921875 734.3890380859375 732.221435546875 729.798828125 728.2144775390625 725.916015625 722.6741943359375 719.61029052734375 717.01641845703125 714.1424560546875 711.5238037109375 710.208984375 704.84002685546875 700.860595703125 696.5535888671875 691.95892333984375 687.8187255859375 683.4085693359375 678.93896484375 674.139404296875 670.1070556640625 667.76690673828125 663.89569091796875 658.97021484375 654.0185546875 648.36663818359375 643.43914794921875 638.083251953125 633.20068359375 627.53485107421875 622.84881591796875 617.7166748046875 612.2802734375 606.6485595703125 601.1241455078125 595.39947509765625 588.228271484375 586.829833984375 582.9517822265625 577.94091796875
747.2623291015625 744.18927001953125 740.440673828125 736.4544677734375 735.1102294921875 733.926513671875 731.50408935546875 729.18975830078125 726.9725341796875 724.57342529296875 721.5487060546875 718.61065673828125 716.722412109375 714.419677734375 711.71905517578125 710.81048583984375 704.61029052734375 699.16094970703125 694.6539306640625 690.39288330078125 685.45672607421875 680.87786865234375 676.2596435546875 673.0072021484375 669.8175048828125 666.5914306640625 662.64111328125 657.43951416015625 653.02105712890625 648.3009033203125 643.1661376953125 638.1064453125 633.34918212890625 628.94915771484375 623.8172607421875 618.64215087890625 613.1678466796875 607.5413818359375 601.816162109375 596.786376953125 590.63446044921875 583.55157470703125 576.9000244140625 573.858154296875
746.20770263671875 743.367431640625 738.494384765625 735.9805908203125 734.35986328125 733.2567138671875 731.0863037109375 728.85467529296875 726.6676025390625 724.04791259765625 721.22821044921875 718.99542236328125 716.9010009765625 714.4666748046875 713.311767578125 708.983642578125 703.1781005859375 698.31976318359375 693.16815185546875 688.65771484375 684.1328125 680.02325439453125 676.03564453125 672.654541015625 669.1324462890625 664.65655517578125 660.0830078125 656.041748046875 651.5908203125 646.57501220703125 642.385009765625 637.60113525390625 633.039306640625 628.15277099609375 623.34967041015625 616.9873046875 611.869384765625 606.03076171875 600.3741455078125 596.04437255859375 591.4932861328125 585.87115478515625 578.8218994140625 573.07989501953125
743.96844482421875 741.75482177734375 738.78167724609375 735.386962890625 733.58172607421875 732.74517822265625 731.201904296875 728.95050048828125 726.67236328125 723.833251953125 721.54833984375 719.53466796875 716.98565673828125 714.345458984375 712.9405517578125 707.01885986328125 702.20751953125 697.35693359375 692.56231689453125 687.9981689453125 683.97137451171875 679.48968505859375 675.56072998046875 671.8990478515625 668.341552734375 663.5633544921875 658.9962158203125 653.75640869140625 649.72552490234375 645.43902587890625 640.65478515625 635.70684814453125 631.32440185546875 625.78448486328125 620.138916015625 615.588623046875 608.88763427734375 603.60906982421875 597.36767578125 592.68743896484375 587.365234375 582.695068359375 577.8604736328125 572.33294677734375
742.89990234375 738.9305419921875 735.39788818359375 733.5450439453125 731.89691162109375 731.3726806640625 730.7537841796875 729.0960693359375 726.657470703125 723.5882568359375 721.5408935546875 719.37890625 716.67047119140625 713.6751708984375 710.66534423828125 706.4935302734375 701.34429931640625 696.15338134765625 691.090576171875 687.14495849609375 682.851806640625 678.37786865234375 674.178466796875 670.65240478515625 667.050048828125 662.7784423828125 657.16986083984375 652.26519775390625 647.61297607421875 643.49951171875 638.4659423828125 633.32745361328125 629.1666259765625 624.14593505859375 618.982421875 613.23291015625 608.31103515625 602.1611328125 597.060791015625 592.72021484375 587.20440673828125 581.2333984375 574.82269287109375 569.1943359375
742.16595458984375 738.09075927734375 735.22454833984375 732.4637451171875 731.2574462890625 731.1444091796875 729.9381103515625 728.42822265625 725.7078857421875 723.119384765625 721.0069580078125 718.4989013671875 715.5516357421875 713.45562744140625 708.79248046875 704.2039794921875 700.225341796875 695.696533203125 691.19207763671875 686.87957763671875 682.66632080078125 677.88037109375 673.43084716796875 669.700439453125 665.53179931640625 660.89434814453125 655.55035400390625 651.15496826171875 646.1695556640625 641.65838623046875 636.464111328125 632.33154296875 627.2425537109375 622.227294921875 617.6612548828125 612.162353515625 604.17791748046875 600.21441650390625 595.27581787109375 590.23779296875 584.78131103515625 578.9168701171875 574.318603515625 568.06304931640625
741.47406005859375 738.4759521484375 735.859619140625 731.75885009765625 730.29669189453125 729.954345703125 728.9197998046875 727.47186279296875 724.93719482421875 722.70538330078125 720.27734375 717.4722900390625 714.654296875 712.92626953125 707.160400390625 702.8909912109375 698.96392822265625 694.39825439453125 690.087646484375 685.46295166015625 681.54656982421875 676.7366943359375 671.94696044921875 667.474365234375 663.0601806640625 660.25323486328125 655.693603515625 650.42755126953125 645.158203125 640.22210693359375 635.5264892578125 630.0155029296875 624.37396240234375 619.89031982421875 613.56951904296875 608.1395263671875 600.86614990234375 594.5240478515625 590.237548828125 587.64080810546875 583.838134765625 578.4554443359375 571.8297119140625 565.52484130859375
741.1929931640625 738.412353515625 735.71405029296875 732.049072265625 729.97174072265625 728.6522216796875 727.23583984375 725.50823974609375 724.23419189453125 721.847412109375 719.16656494140625 716.41839599609375 714.2451171875 710.671142578125 706.35113525390625 701.4530029296875 696.87945556640625 693.52880859375 689.2899169921875 684.53326416015625 680.0438232421875 675.2275390625 670.122314453125 666.087158203125 661.6143798828125 658.502685546875 654.26513671875 649.70892333984375 645.18353271484375 641.04193115234375 635.81396484375 630.9755859375 625.59503173828125 618.949951171875 613.77764892578125 606.7265625 599.0682373046875 593.72161865234375 588.5760498046875 583.8526611328125 577.141845703125 572.47998046875 568.1512451171875 563.42327880859375
742.1011962890625 738.9024658203125 735.9136962890625 733.4591064453125 730.5474853515625 728.18243408203125 725.485595703125 722.9688720703125 722.18359375 720.337646484375 717.77093505859375 714.7723388671875 713.2005615234375 708.69732666015625 704.771240234375 700.5213623046875 696.45458984375 693.1285400390625 689.08441162109375 685.112548828125 679.44720458984375 674.58929443359375 669.786376953125 666.53204345703125 661.901611328125 658.32098388671875 653.78021240234375 648.3416748046875 643.3634033203125 638.76519775390625 633.958251953125 629.01934814453125 624.04248046875 619.10870361328125 614.33843994140625 606.7379150390625 601.42352294921875 596.31341552734375 591.0457763671875 586.12298583984375 580.48046875 573.648681640625 566.20355224609375 560.504150390625
741.266357421875 739.33642578125 736.6436767578125 734.9649658203125 731.84814453125 729.3284912109375 725.58154296875 722.198486328125 720.1522216796875 718.601806640625 716.029541015625 713.7806396484375 710.97235107421875 707.34490966796875 703.599609375 699.63525390625 695.93408203125 691.77593994140625 686.8240966796875 682.58258056640625 678.2061767578125 673.78094482421875 669.50897216796875 666.09521484375 661.45526123046875 657.3778076171875 653.26458740234375 648.71759033203125 643.65625 638.400390625 633.520263671875 628.09521484375 622.71112060546875 617.85302734375 612.0465087890625 605.6585693359375 599.58416748046875 595.063232421875 589.4886474609375 582.531005859375 578.1981201171875 573.4141845703125 568.6595458984375 562.97113037109375
739.14453125 738.3946533203125 737.0465087890625 734.779296875 732.5872802734375 730.04498291015625 726.40130615234375 722.58111572265625 719.7025146484375 717.34588623046875 714.8092041015625 712.39044189453125 708.77984619140625 705.882568359375 701.8546142578125 698.209716796875 694.374755859375 690.05108642578125 685.62353515625 681.42071533203125 677.1260986328125 672.653076171875 668.77471923828125 665.38250732421875 660.144775390625 655.39996337890625 651.11309814453125 647.3023681640625 641.9661865234375 636.9168701171875 631.9444580078125 627.49786376953125 622.853515625 617.94549560546875 612.16632080078125 604.03515625 598.1041259765625 592.36346435546875 586.27105712890625 580.21844482421875 574.84735107421875 569.4710693359375 564.1270751953125 558.6773681640625
735.6771240234375 736.46759033203125 736.15252685546875 734.59814453125 733.12060546875 730.40911865234375 727.261962890625 722.999267578125 719.398193359375 716.4542236328125 714.3785400390625 709.89501953125 707.14898681640625 704.15484619140625 700.37408447265625 696.438720703125 692.60601806640625 689.279541015625 685.66912841796875 680.9932861328125 676.2794189453125 671.9366455078125 667.96893310546875 663.45672607421875 659.1163330078125 654.49359130859375 650.23065185546875 645.28533935546875 640.835693359375 635.90643310546875 630.7916259765625 625.9552001953125 621.4384765625 616.9215087890625 611.3690185546875 605.19781494140625 597.633544921875 590.8482666015625 585.3642578125 579.66259765625 574.1103515625 566.10443115234375 561.72039794921875 556.0440673828125
733.167724609375 733.23663330078125 733.639404296875 732.80029296875 732.03424072265625 730.6495361328125 727.26507568359375 722.64520263671875 719.57452392578125 715.7474365234375 712.4755859375 708.7447509765625 705.7132568359375 702.8043212890625 698.96588134765625 694.9925537109375 690.8963623046875 687.6988525390625 684.21905517578125 680.1746826171875 675.4752197265625 671.44622802734375 667.38787841796875 662.32476806640625 657.886962890625 652.70611572265625 648.0693359375 643.94134521484375 639.40374755859375 634.950439453125 630.05328369140625 624.1939697265625 619.7100830078125 614.608154296875 610.199462890625 603.48822021484375 598.16650390625 591.1600341796875 586.0447998046875 579.74169921875 572.9276123046875 566.96221923828125 561.3980712890625 553.98138427734375
731.10992431640625 730.8028564453125 730.9825439453125 730.77288818359375 730.224365234375 728.48876953125 725.65692138671875 722.65753173828125 719.052490234375 714.98974609375 712.072998046875 708.75189208984375 705.49932861328125 702.6917724609375 698.14727783203125 693.643310546875 689.6766357421875 685.78082275390625 682.310546875 678.6502685546875 674.302734375 669.838134765625 665.70751953125 660.34100341796875 655.87255859375 651.6561279296875 646.9989013671875 642.5360107421875 637.8736572265625 633.3101806640625 628.79376220703125 623.39617919921875 618.372314453125 613.100341796875 606.530029296875 600.95709228515625 594.2144775390625 588.8203125 583.9857177734375 578.8367919921875 572.53424072265625 566.1429443359375 560.187744140625 553.71929931640625
729.17340087890625 728.49017333984375 727.924072265625 727.49822998046875 727.37750244140625 726.938232421875 724.873291015625 722.79779052734375 719.08349609375 714.99798583984375 712.016845703125 708.56134033203125 705.6771240234375 701.76690673828125 697.390625 692.1561279296875 687.89324951171875 685.052978515625 681.06243896484375 676.615478515625 672.7457275390625 667.7288818359375 663.15966796875 658.920166015625 654.475341796875 649.171875 645.1419677734375 640.6429443359375 636.4246826171875 632.29315185546875 627.611328125 622.077880859375 616.7845458984375 610.18310546875 604.18511962890625 596.859375 591.44415283203125 586.57861328125 581.8521728515625 577.0347900390625 570.9892578125 564.4400634765625 558.33209228515625 551.94537353515625
728.20245361328125 726.9783935546875 726.71087646484375 725.996337890625 725.580810546875 724.864990234375 723.4051513671875 722.0880126953125 718.2447509765625 715.36346435546875 712.25372314453125 708.88885498046875 705.15216064453125 701.3095703125 694.8565673828125 690.475341796875 686.7891845703125 683.7652587890625 678.338623046875 675.03619384765625 671.0933837890625 666.30767822265625 661.80322265625 657.06536865234375 652.4437255859375 648.0836181640625 643.22991943359375 638.7008056640625 634.59747314453125 630.76483154296875 625.57684326171875 621.0621337890625 615.0821533203125 606.6884765625 600.95074462890625 595.579833984375 588.999267578125 584.79888916015625 579.728759765625 572.4727783203125 566.87933349609375 561.16253662109375 556.2657470703125 550.6314697265625
726.931640625 724.85479736328125 724.38720703125 724.534423828125 724.05413818359375 722.8853759765625 721.81640625 720.727783203125 717.2843017578125 715.11614990234375 712.43035888671875 709.3311767578125 704.6085205078125 698.6273193359375 693.7708740234375 689.81182861328125 686.1427001953125 681.67108154296875 676.67645263671875 673.2340087890625 669.2406005859375 665.3135986328125 660.93194580078125 656.5860595703125 652.1575927734375 647.76580810546875 642.75982666015625 637.365234375 632.6732177734375 628.6259765625 623.61767578125 618.88262939453125 609.77691650390625 604.5638427734375 598.839599609375 593.05755615234375 588.06988525390625 583.3902587890625 576.12451171875 570.4344482421875 564.32147216796875 557.8773193359375 551.711669921875 547.0321044921875
725.793701171875 723.721923828125 722.6429443359375 722.44207763671875 721.5931396484375 720.1634521484375 719.55615234375 718.51220703125 716.37677001953125 715.026611328125 712.1649169921875 708.01751708984375 703.73779296875 697.68768310546875 693.31463623046875 688.45062255859375 684.62744140625 680.0478515625 675.6669921875 671.60791015625 668.0482177734375 663.259521484375 658.3837890625 653.425048828125 649.54669189453125 645.5472412109375 641.4095458984375 635.81671142578125 631.39056396484375 627.0447998046875 621.15716552734375 614.6993408203125 608.5120849609375 603.322265625 597.60736083984375 592.3507080078125 587.4718017578125 582.35369873046875 576.7427978515625 570.54278564453125 564.5797119140625 558.3751220703125 551.6783447265625 544.765380859375
