InputData/KvamCaseStudy/dem.asc
ncols 	 91 
nrows 	 135 
xllcorner 	 218505.00 
yllcorner 	 6850365.00 
cellsize 	 10.0 
NODATA_value 	 -9999 
[rows 32 to 63 of 135, columns 0 to 70 of 91]
807.71 804.09 800.45 797.40 794.63 791.91 789.90 786.50 783.95 781.59 779.01 777.26 775.13 772.23 770.02 767.72 765.05 761.94 760.71 757.89 755.92 755.07 753.28 751.30 748.42 746.05 743.74 741.46 739.24 736.90 734.38 732.14 729.52 727.32 725.50 723.72 719.75 715.86 712.02 708.24 705.35 701.93 695.99 690.68 685.64 680.29 676.41 672.75 668.25 662.03 656.30 650.78 644.08 637.63 631.60 625.97 620.46 615.56 610.52 606.83 603.73 601.42 598.25 594.65 590.32 585.61 580.77 575.73 570.98 566.17 559.99
808.12 804.46 801.32 798.73 795.42 792.35 789.11 786.70 785.09 781.71 779.98 777.50 774.71 771.77 769.25 767.13 765.27 762.14 758.97 756.95 755.42 754.46 752.07 750.01 747.63 745.46 743.61 741.51 739.24 736.49 733.64 731.19 729.02 726.85 725.14 722.11 718.67 714.22 710.50 706.68 703.20 700.49 695.01 690.81 685.17 680.93 676.43 672.44 667.16 662.21 656.36 650.92 645.96 640.64 635.78 629.64 623.86 618.47 614.06 610.93 607.07 603.47 599.78 595.32 590.27 585.80 581.07 576.99 572.58 567.62 560.58
808.69 805.51 802.23 798.97 795.43 792.26 788.48 786.81 785.64 782.32 780.42 777.98 774.29 771.32 768.76 766.92 765.30 762.36 758.43 756.04 755.02 753.24 751.55 749.29 747.26 745.00 742.72 740.48 738.28 735.79 733.39 731.45 728.99 726.40 724.53 721.04 716.58 711.72 708.56 705.28 700.66 697.11 694.75 690.03 686.26 682.27 678.63 674.48 669.65 663.97 658.66 653.44 647.68 641.83 634.81 628.91 624.34 619.85 616.14 612.56 609.21 605.54 600.05 595.45 590.77 586.31 581.87 577.43 572.58 567.39 561.64
809.05 805.75 801.76 797.31 793.69 790.76 788.26 787.14 785.76 783.06 780.43 777.86 774.63 772.40 769.55 766.41 764.60 761.44 756.98 755.63 754.68 753.28 751.05 749.38 747.78 745.04 742.75 740.10 737.84 735.36 733.05 730.98 728.76 726.54 725.29 721.32 716.78 711.78 708.16 704.60 699.70 697.42 694.98 692.08 688.13 683.76 679.32 674.35 669.25 663.68 657.22 651.58 645.81 640.67 634.21 628.94 623.24 619.31 616.26 613.53 610.15 605.53 599.89 594.74 589.85 585.33 580.87 576.54 572.30 567.74 563.23
809.41 805.64 801.34 795.81 792.85 790.53 788.68 787.29 785.24 783.36 780.70 778.67 775.90 773.44 770.67 768.52 765.12 760.93 756.44 754.97 754.33 753.23 750.88 748.84 747.37 744.29 741.93 739.49 737.00 734.76 732.39 730.18 728.70 726.83 725.30 721.29 716.44 711.35 706.09 702.24 699.28 695.20 691.54 689.13 684.51 680.26 677.15 673.81 668.24 662.97 657.02 650.80 645.57 639.10 633.20 627.22 622.21 618.42 614.82 611.78 608.68 605.18 599.74 594.49 589.24 584.67 580.59 575.98 572.03 566.96 562.44
809.94 805.50 799.95 795.74 792.86 790.15 788.37 786.96 784.88 783.10 780.52 778.05 775.90 774.29 772.09 769.49 766.67 762.62 756.16 754.34 753.91 752.80 750.85 749.79 746.39 743.89 741.71 739.33 736.59 734.47 732.28 729.67 727.50 724.78 722.48 719.13 715.44 710.58 705.39 701.34 697.82 693.24 688.41 684.24 679.92 674.88 670.85 666.43 661.85 657.78 655.08 651.10 645.41 639.79 633.49 628.05 623.45 618.74 613.08 607.60 605.02 601.84 596.64 591.44 586.99 582.31 577.85 573.89 569.12 564.18 559.02
811.14 805.72 800.92 797.06 793.42 791.19 788.45 785.92 783.98 781.81 780.13 778.12 775.63 773.37 771.90 769.12 765.91 761.97 755.27 753.77 753.39 752.12 751.04 750.00 745.53 743.36 741.03 738.68 736.30 734.51 731.93 728.66 725.57 723.37 720.49 717.63 714.45 710.94 706.84 702.45 698.23 693.54 687.22 682.04 676.25 671.20 666.51 661.75 656.97 651.99 648.21 642.73 639.50 635.70 629.55 624.22 619.37 615.23 610.33 605.00 599.78 596.84 594.83 591.27 586.52 580.97 576.12 570.81 565.73 560.36 555.49
811.79 805.87 802.36 797.92 794.36 791.63 789.40 785.95 784.51 783.12 779.78 777.50 775.64 773.55 771.49 769.28 765.00 759.21 755.77 753.07 752.42 751.79 751.43 748.05 745.03 742.63 740.14 737.70 735.12 732.78 730.05 727.21 723.53 721.24 719.32 716.53 713.60 711.41 708.00 703.27 698.71 693.39 688.04 682.78 677.40 672.47 667.49 660.79 654.16 648.22 642.59 637.73 633.23 629.91 625.76 620.50 614.63 610.98 605.43 601.66 599.75 594.59 590.47 586.23 581.67 578.91 575.23 570.94 566.43 561.54 557.05
810.44 806.62 802.21 798.66 795.38 792.11 789.47 787.28 784.33 782.94 780.97 777.63 775.35 773.39 771.79 769.40 765.26 758.32 754.13 752.37 751.48 749.96 748.08 746.40 744.70 742.42 739.18 736.36 733.44 731.01 728.75 725.70 722.21 720.05 718.44 716.44 713.91 711.46 708.90 706.23 702.24 696.68 690.82 685.17 679.64 674.36 668.22 662.44 657.35 650.29 646.29 641.57 636.20 630.82 626.69 623.08 617.72 613.44 610.14 607.87 603.37 599.45 594.29 588.81 582.84 579.09 575.00 567.84 564.22 560.51 555.98
809.40 806.65 802.93 799.08 795.65 792.85 789.92 787.91 785.98 782.79 781.29 778.38 775.63 773.44 771.37 768.15 763.40 756.72 754.00 752.73 751.14 749.58 747.79 745.96 743.90 741.20 738.26 735.43 732.93 730.72 728.19 725.21 722.56 719.90 717.95 715.97 713.96 713.55 712.93 709.06 703.98 698.47 692.74 686.99 680.68 675.90 670.52 664.36 659.00 654.50 649.54 645.20 640.65 635.89 631.70 627.27 623.06 619.00 614.74 610.96 606.14 601.00 595.89 591.31 586.55 581.48 576.91 571.47 566.06 561.51 557.45
810.22 806.42 802.40 799.05 795.94 793.00 790.53 788.07 785.13 782.64 781.11 778.60 776.37 773.74 770.79 764.90 760.35 756.10 753.81 752.37 750.48 749.10 747.31 745.56 743.40 741.30 738.70 736.03 733.72 731.46 728.73 725.97 723.19 720.26 717.68 714.95 713.20 712.95 712.87 710.26 704.57 699.26 694.36 689.10 684.42 678.58 672.58 667.54 662.75 658.71 653.91 648.42 643.38 638.02 632.85 628.15 623.35 618.53 613.96 610.40 606.34 601.40 596.45 591.60 586.65 581.20 576.45 571.11 565.34 561.33 555.91
811.42 807.63 803.20 799.58 796.62 793.77 791.15 788.63 786.03 783.21 779.93 778.33 777.05 773.60 770.51 763.39 758.03 755.37 753.05 751.64 750.35 748.76 747.12 744.89 742.67 740.64 738.51 736.49 734.61 732.51 729.32 725.49 722.50 720.02 717.48 713.73 711.33 709.50 708.39 704.39 701.79 697.83 693.60 689.41 685.08 679.40 674.82 669.19 664.03 658.55 653.47 647.44 642.23 636.83 631.25 626.87 621.71 616.53 612.53 607.75 603.95 599.55 595.12 590.77 585.59 580.99 575.28 569.82 564.64 559.48 555.00
811.74 807.74 804.31 800.44 796.69 793.40 791.23 788.80 786.17 784.02 781.33 778.23 776.16 772.86 768.69 761.04 756.19 754.47 753.05 751.40 749.91 748.50 747.31 745.73 743.70 741.61 739.39 737.34 735.15 732.27 729.09 724.82 721.50 719.46 715.70 712.80 710.09 708.07 703.81 700.17 697.45 694.78 691.16 688.95 687.55 679.06 673.48 668.63 662.75 657.39 652.62 646.69 641.19 635.47 630.62 626.22 621.59 615.52 610.84 606.76 601.79 597.40 593.13 589.25 583.97 579.82 574.85 568.19 563.63 558.34 553.69
811.12 807.31 803.56 800.46 795.27 792.38 789.97 787.61 785.66 783.63 781.53 779.21 776.54 773.21 765.85 758.94 755.95 754.06 752.80 750.96 749.46 748.11 746.69 745.09 743.26 741.31 739.18 736.80 734.24 731.83 728.83 724.52 721.12 719.05 714.42 711.21 707.75 703.75 700.17 696.28 693.47 691.08 688.43 686.78 684.97 680.19 671.64 667.00 661.89 657.12 651.89 646.14 641.13 635.85 631.02 625.97 620.25 615.12 611.31 606.53 601.54 597.15 590.56 585.42 581.11 578.72 573.81 566.62 561.75 556.20 552.12
810.36 806.65 802.42 799.09 795.18 792.39 789.47 787.22 784.86 782.90 780.57 779.73 777.06 773.04 764.83 758.03 754.81 753.19 752.21 750.80 749.00 747.29 745.93 744.21 742.46 740.63 738.54 736.06 733.35 731.05 728.44 725.04 721.22 718.74 714.19 711.00 706.67 702.18 697.44 694.94 692.60 690.24 687.80 685.45 682.22 678.58 672.45 665.91 661.59 656.55 651.30 645.85 639.90 635.00 629.56 623.43 618.26 613.67 609.16 604.92 600.16 594.54 589.92 584.30 579.64 575.83 571.24 564.62 559.57 555.90 551.10
807.77 805.29 801.81 798.54 794.40 791.89 788.62 786.71 785.19 783.41 780.96 779.20 777.46 773.44 761.92 756.45 754.52 753.55 751.72 750.49 748.76 746.90 745.30 743.45 741.59 739.72 737.62 734.87 732.23 729.93 727.69 725.02 721.89 717.36 713.16 710.71 706.36 701.50 697.21 694.47 692.43 690.49 687.65 683.43 679.39 674.58 669.85 665.74 660.77 655.13 650.13 644.30 638.07 631.66 627.42 622.98 618.26 612.28 606.52 601.97 598.81 592.86 587.78 583.47 578.93 574.22 568.43 562.91 557.43 553.06 548.78
806.74 803.42 801.49 797.18 793.95 790.70 787.98 786.54 784.76 783.44 780.91 778.88 776.72 771.55 759.09 755.77 754.34 752.99 751.83 750.32 748.42 746.58 744.73 742.62 740.77 738.72 736.47 733.71 730.64 728.37 726.28 723.93 721.61 717.22 712.87 709.75 705.32 701.51 698.98 697.02 695.12 692.31 688.10 683.90 678.34 672.74 667.46 660.93 656.50 651.94 647.06 641.84 636.52 629.64 622.47 618.74 615.10 610.82 606.59 600.42 595.29 589.25 584.66 580.73 577.00 572.65 566.38 561.04 556.22 551.43 546.59
809.02 803.67 800.58 796.55 794.55 788.86 786.98 785.61 783.41 779.69 779.57 777.09 773.98 766.33 757.61 756.09 754.28 752.86 751.72 749.88 748.09 745.93 743.88 741.65 739.71 737.68 735.33 732.40 729.31 726.51 724.50 722.67 720.78 715.63 711.68 708.49 705.03 702.10 699.87 697.89 695.15 690.82 687.17 682.85 677.92 673.77 668.63 662.45 656.86 651.69 646.01 640.96 635.47 628.05 620.22 615.16 610.74 606.40 602.20 594.22 592.64 589.12 584.37 578.87 574.50 569.23 563.44 558.13 554.30 550.43 545.46
809.68 803.49 799.75 795.16 792.72 788.67 786.62 784.56 782.75 779.64 775.77 773.08 769.53 763.25 758.09 756.09 754.75 753.16 751.66 749.82 747.52 745.42 743.12 740.74 738.60 736.47 734.19 731.59 728.45 725.77 723.93 722.09 721.90 715.17 710.93 708.44 705.15 702.56 699.64 696.98 693.26 689.36 685.43 681.51 676.70 672.07 667.30 661.94 656.24 650.79 645.95 640.88 633.52 627.27 622.41 617.31 612.99 607.12 600.92 597.00 592.67 588.79 583.77 578.46 571.95 568.44 562.41 557.97 553.02 548.76 543.33
808.95 801.80 797.66 794.25 791.64 788.47 786.39 784.29 782.24 779.53 775.14 770.87 766.66 762.27 758.86 756.49 754.79 753.22 751.53 749.57 747.28 744.97 742.40 740.34 737.45 735.26 733.56 731.19 727.73 725.14 723.48 722.00 720.87 714.23 710.75 708.09 704.84 701.58 698.43 695.33 691.86 687.58 683.26 678.81 673.53 669.71 665.27 660.21 655.42 650.13 643.81 638.33 632.40 625.32 619.38 615.37 611.30 604.71 599.10 594.73 590.81 586.75 582.21 576.91 571.64 566.51 561.62 555.70 551.00 546.50 539.20
807.20 801.32 795.61 793.29 791.09 788.34 785.80 783.90 781.27 777.87 773.61 768.91 765.13 761.83 758.92 755.78 754.70 752.78 751.03 749.17 746.63 743.97 741.39 738.87 736.38 734.09 732.13 729.73 726.14 724.58 722.82 721.46 717.92 712.80 709.93 707.25 704.65 700.93 696.51 692.44 689.48 686.32 682.11 677.78 673.21 668.49 662.54 658.73 654.03 648.07 642.37 635.60 630.82 624.27 619.06 613.35 607.68 603.66 598.43 594.00 588.79 583.68 579.54 574.35 568.57 562.48 557.85 553.38 546.66 537.07 530.83
804.07 799.00 794.01 792.62 790.66 787.51 785.49 784.02 781.81 778.49 773.54 766.64 764.30 761.76 759.32 756.23 754.30 752.33 750.20 748.31 746.02 743.09 740.44 737.47 734.93 734.03 732.44 728.99 725.24 723.32 721.17 717.73 713.89 711.70 709.16 706.03 702.82 699.31 695.37 692.04 688.92 685.67 681.67 676.23 671.77 667.40 661.86 655.73 650.28 644.82 639.21 632.83 626.68 621.51 616.13 612.55 607.23 600.87 596.41 591.80 586.03 580.78 572.20 568.71 563.98 557.23 552.51 545.85 536.16 530.00 525.71
801.10 796.90 794.11 791.57 789.61 786.60 783.42 781.23 779.86 777.82 771.94 766.35 763.41 761.59 759.17 756.41 753.56 751.38 749.22 747.26 744.83 742.07 739.62 737.87 736.36 734.49 731.41 728.53 725.29 722.78 720.60 717.29 713.80 710.80 707.73 705.53 702.26 699.80 696.69 692.68 689.12 686.22 681.49 676.66 671.24 666.65 661.96 657.93 652.29 646.72 640.57 634.55 628.30 622.37 613.66 606.45 602.56 596.27 593.79 589.13 582.99 576.67 570.69 565.50 557.57 551.13 544.77 537.85 531.76 527.25 521.36
800.30 797.17 793.58 790.59 787.55 785.55 783.53 781.54 778.62 773.72 768.13 764.30 762.54 761.08 757.37 755.15 752.61 750.21 747.48 745.80 744.06 741.52 740.38 739.76 737.01 734.52 731.73 728.07 725.44 722.74 720.40 717.21 713.78 710.22 706.82 703.25 700.81 698.18 694.34 691.11 687.80 684.50 680.27 675.25 670.43 665.72 660.50 655.21 649.14 643.40 638.05 633.82 628.24 621.90 612.70 604.44 598.28 592.54 586.90 583.48 577.50 570.69 565.98 559.93 553.92 546.57 539.85 534.93 530.09 523.90 517.49
796.55 794.32 791.85 788.95 784.66 782.25 781.18 778.64 776.55 771.82 765.94 762.60 761.40 758.95 757.68 754.05 751.63 749.26 747.13 745.12 743.24 741.42 740.90 740.32 738.76 735.42 731.10 728.40 725.07 722.30 719.73 717.19 713.56 709.09 705.60 702.78 699.08 695.62 691.96 688.91 686.69 684.03 679.35 673.91 669.64 664.69 660.47 654.30 647.92 642.62 637.47 630.54 624.97 616.65 607.66 600.87 595.34 590.47 583.16 577.17 571.27 568.52 562.49 556.62 551.00 545.29 538.41 533.54 528.58 520.73 513.97
794.31 792.03 789.71 786.89 783.30 780.67 777.73 775.91 772.50 767.46 762.78 760.97 759.99 757.98 756.10 753.35 750.72 748.14 746.19 745.02 742.90 743.19 741.84 740.63 738.18 734.84 731.27 728.39 725.07 721.89 718.74 715.84 713.36 709.38 704.13 701.59 699.29 695.92 691.17 687.67 684.88 681.55 678.35 673.81 668.11 663.52 658.57 653.14 647.97 642.00 636.33 626.72 620.23 609.00 604.50 599.34 592.48 586.71 582.40 575.12 570.08 563.39 559.12 553.33 547.45 542.36 537.79 530.25 524.20 516.37 510.07
792.12 790.14 787.26 785.56 781.67 778.74 775.98 773.14 765.36 762.24 761.38 759.56 757.93 758.08 755.15 752.21 750.05 748.10 746.05 744.87 744.69 744.09 742.30 740.55 738.69 736.49 732.20 727.40 724.13 720.99 717.45 715.04 712.70 708.57 703.89 700.53 697.38 694.23 690.52 686.79 683.01 680.15 676.26 671.68 667.50 662.41 656.38 650.24 644.59 639.49 632.83 624.83 615.13 608.80 603.01 593.43 588.84 582.78 578.77 574.23 568.36 560.47 552.12 547.26 541.27 538.11 532.41 526.86 521.52 514.92 508.98
790.57 787.13 783.34 781.65 779.82 776.45 774.84 768.71 761.32 760.91 760.08 759.17 757.95 756.68 754.04 751.36 748.21 747.44 746.03 744.44 744.45 744.48 743.80 742.00 739.82 737.71 732.57 726.63 723.71 720.68 717.30 715.64 713.87 709.14 704.61 700.42 696.34 692.04 687.95 684.57 681.22 677.17 673.61 669.23 665.60 661.07 655.12 648.69 642.39 636.67 627.70 619.83 613.79 607.32 598.44 593.43 587.98 582.36 577.01 571.90 565.94 559.80 553.19 545.93 537.86 531.44 527.12 522.86 517.97 513.06 507.60
789.26 785.33 781.62 778.96 775.76 773.41 771.30 762.50 760.40 759.90 759.27 758.06 756.50 755.03 752.86 749.65 746.80 746.10 745.56 744.50 744.43 745.00 744.40 742.53 741.41 738.30 731.39 725.84 723.66 720.84 717.79 714.60 711.02 706.67 702.16 697.70 693.87 690.47 686.71 683.84 680.29 675.99 671.51 667.17 662.79 658.56 653.05 647.54 640.35 630.74 624.28 618.52 611.41 601.71 597.06 592.43 587.86 582.69 576.57 570.15 563.39 557.47 550.50 542.36 536.44 529.93 522.92 517.81 513.95 509.60 504.87
788.68 783.76 780.29 776.85 773.07 769.28 766.39 761.41 759.42 759.00 758.38 757.43 755.95 754.29 752.11 749.09 746.12 745.58 745.59 744.61 744.74 745.79 744.96 742.87 740.47 737.60 729.63 724.52 722.38 719.58 716.28 713.62 709.75 705.60 701.69 697.52 693.41 690.02 686.68 682.38 678.16 674.75 670.45 664.73 660.40 656.27 650.07 643.81 633.22 628.05 620.82 615.49 607.65 599.73 595.50 590.06 585.61 581.32 574.56 565.52 559.23 553.11 545.90 537.38 535.06 530.09 523.45 516.43 508.94 502.09 500.16
787.89 783.39 779.72 776.53 773.00 768.25 763.71 760.14 758.80 758.45 758.61 757.21 755.72 753.93 751.61 748.63 746.01 745.26 745.28 744.91 745.40 746.11 746.23 744.02 739.32 735.36 726.26 722.87 720.01 717.69 715.76 712.93 709.42 706.03 702.42 698.51 693.86 690.25 686.65 682.36 675.96 671.21 667.70 663.01 655.91 651.58 643.89 637.61 630.45 624.20 618.62 612.81 606.39 600.01 593.55 588.89 583.32 578.41 569.57 560.84 554.92 549.98 543.35 537.73 532.39 526.45 521.09 514.02 508.16 502.16 494.47
787.28 783.07 780.34 777.43 774.66 770.27 761.97 759.40 758.34 756.30 757.35 756.82 754.88 753.54 751.16 748.52 746.06 745.23 744.91 744.90 744.67 746.18 745.71 744.33 737.20 730.62 725.72 721.55 717.31 715.17 713.79 710.97 707.92 704.67 700.83 696.86 692.76 688.64 683.77 679.73 675.06 669.33 664.74 659.97 652.93 647.42 640.79 633.19 629.24 623.87 618.25 612.84 607.14 598.55 591.01 585.38 578.48 572.36 564.76 559.70 552.62 546.23 540.76 535.87 529.65 522.77 515.06 510.40 505.54 497.88 492.28
