InputData/KvamCaseStudy/dem.asc
ncols 	 91 
nrows 	 135 
xllcorner 	 218505.00 
yllcorner 	 6850365.00 
cellsize 	 10.0 
NODATA_value 	 -9999 
[rows 64 to 95 of 135, columns 0 to 70 of 91]
787.61 783.64 780.57 777.17 773.28 766.06 760.62 758.27 755.94 755.98 756.10 755.42 754.00 752.80 750.73 748.13 745.47 744.64 744.77 744.32 744.33 745.19 745.56 743.39 734.95 729.66 725.61 721.08 716.55 713.77 711.64 709.05 706.22 703.04 698.73 693.61 689.32 686.82 682.18 676.99 672.13 665.85 659.54 654.57 648.39 643.08 637.37 631.70 626.03 620.91 616.95 610.46 602.58 595.51 587.51 579.75 573.93 567.73 560.98 555.93 550.71 544.98 539.68 532.53 523.94 517.29 512.79 506.58 498.09 495.76 490.91
786.92 783.34 780.22 775.90 771.60 763.33 760.01 758.25 755.84 755.79 755.25 754.62 753.62 751.90 750.19 747.51 744.15 743.72 743.24 743.11 742.71 742.96 743.57 739.93 733.55 729.85 725.46 720.62 716.38 712.36 709.55 706.84 703.99 701.52 697.49 692.66 688.08 684.17 680.21 675.40 668.65 662.49 657.29 652.06 646.83 641.89 636.25 630.46 624.14 619.16 612.46 605.21 597.23 590.40 583.34 576.22 571.16 565.78 559.61 554.19 547.81 542.02 534.87 528.09 521.44 515.57 507.76 500.51 496.86 492.17 489.18
786.26 782.87 779.23 775.46 771.40 762.56 759.03 757.89 755.71 755.34 754.10 753.16 752.31 751.08 749.16 746.57 742.75 741.05 740.81 740.61 740.35 740.31 739.92 735.94 731.48 728.49 723.36 719.61 715.18 711.42 707.82 705.01 701.50 698.74 695.20 689.83 685.60 681.29 676.37 671.64 666.30 660.48 654.64 649.75 644.73 639.56 633.53 627.25 622.28 616.00 606.44 600.94 593.70 586.36 580.41 574.24 567.91 562.03 555.46 550.22 544.00 538.02 532.20 525.78 519.00 513.72 507.63 502.55 495.73 489.49 485.30
785.42 782.37 779.42 775.47 768.44 762.50 758.63 756.64 755.63 754.11 753.23 751.65 750.97 750.06 748.20 745.64 741.83 740.32 737.94 737.45 736.92 737.01 736.29 733.67 730.07 726.23 721.49 717.55 713.44 709.41 705.33 702.27 698.76 695.73 691.60 687.97 683.29 679.06 673.77 668.24 663.36 658.07 651.21 646.58 641.82 635.91 631.03 625.03 616.75 609.01 603.52 597.97 591.48 585.16 579.47 573.28 566.94 559.14 553.25 547.97 540.61 531.99 526.28 519.57 515.31 511.76 509.06 502.74 496.58 490.11 484.07
785.17 781.83 777.89 774.41 764.98 760.44 758.28 756.25 755.14 752.86 752.04 750.70 749.88 748.75 747.33 744.58 741.93 739.51 737.61 735.63 733.91 733.89 734.07 732.12 728.94 724.23 719.84 715.48 711.60 707.49 702.96 699.34 696.54 693.56 689.80 685.09 679.51 675.57 671.04 665.79 660.80 655.30 649.10 643.87 638.83 633.79 627.39 619.49 611.66 605.67 600.56 595.54 589.63 583.14 577.30 569.96 564.19 557.13 550.51 543.59 537.27 529.27 523.93 518.18 512.91 507.54 503.40 503.29 498.63 492.25 485.40
783.63 780.68 777.08 773.05 760.92 758.60 757.07 754.99 752.97 750.95 750.62 749.44 748.32 747.53 746.55 744.85 741.57 739.05 736.85 734.68 732.39 731.35 732.09 731.27 727.06 723.26 718.33 713.92 709.70 705.52 701.21 697.38 694.88 691.89 687.22 682.36 677.99 673.10 668.65 663.52 658.71 651.76 647.08 641.48 636.28 629.69 622.42 614.70 607.71 602.91 598.15 593.18 587.04 578.48 572.42 565.78 558.51 553.21 544.85 537.91 532.19 527.79 521.64 515.40 509.74 503.71 498.78 495.27 497.63 494.96 488.65
781.96 779.82 775.89 768.85 759.57 756.83 755.56 754.30 751.54 750.34 749.59 748.67 747.94 747.13 746.25 745.65 742.69 739.47 737.67 734.24 731.32 730.16 730.54 729.48 725.35 720.95 716.88 711.94 707.68 703.63 699.93 696.33 693.50 689.44 684.61 677.63 673.65 670.58 666.53 661.23 655.34 649.88 644.65 639.39 632.24 624.49 618.95 611.60 605.86 600.12 595.27 590.08 583.12 575.17 568.86 562.59 552.75 546.39 541.10 536.29 531.98 526.26 518.79 512.64 508.61 503.31 497.43 491.03 490.32 492.31 488.33
781.31 777.56 774.22 761.91 759.24 756.41 754.53 753.18 750.78 749.86 748.44 747.45 747.07 746.26 746.08 746.08 743.49 740.60 738.24 734.20 729.92 728.19 728.74 727.35 723.73 719.14 714.56 710.51 706.51 702.59 699.17 695.56 691.81 686.63 680.38 676.39 672.59 667.91 663.92 659.23 653.49 647.98 642.13 635.07 627.75 620.99 614.25 609.39 604.54 598.68 591.95 584.64 578.17 573.07 565.70 559.35 553.40 546.92 541.05 534.81 528.61 523.14 517.15 512.55 507.25 499.27 493.60 488.05 484.27 486.06 487.14
780.16 775.93 771.78 760.93 758.33 756.08 753.17 752.32 749.80 750.00 747.99 746.30 745.79 745.90 745.70 745.17 744.13 741.45 738.29 734.49 730.13 727.20 726.68 725.55 721.63 717.49 712.99 708.30 704.58 701.07 697.61 693.97 689.96 685.41 680.27 676.44 672.36 666.34 662.08 656.90 649.84 643.58 637.99 631.32 624.75 619.00 613.50 607.61 601.29 594.24 587.87 580.84 573.53 566.95 562.98 557.48 551.22 544.69 539.28 534.13 528.63 521.75 516.28 509.20 502.96 498.19 493.73 488.32 482.55 479.35 482.23
776.76 773.20 763.62 760.27 757.17 754.85 753.38 750.38 748.85 749.20 746.68 745.35 744.90 744.76 745.05 744.29 743.29 741.48 738.34 735.10 730.44 726.61 725.00 723.88 720.13 716.30 711.89 707.68 703.44 699.15 694.92 690.76 686.34 682.29 677.32 674.01 669.26 663.54 658.45 651.78 644.86 638.62 632.21 627.27 622.46 616.79 610.69 604.59 599.07 592.63 586.29 579.04 571.03 563.75 557.64 552.07 548.03 542.91 537.22 530.14 524.32 518.08 512.24 506.82 501.36 496.31 490.79 484.11 479.66 475.83 476.67
774.12 767.18 762.50 759.49 755.57 754.87 752.31 748.78 748.82 748.50 744.70 743.96 743.26 743.81 743.81 743.75 742.62 741.59 738.98 736.17 732.36 728.05 724.58 722.79 718.75 714.82 710.77 706.84 702.96 698.24 693.27 688.29 684.33 680.06 674.03 668.16 663.87 658.95 654.27 647.49 641.08 635.89 630.94 625.81 619.57 612.94 607.23 599.48 593.50 593.09 586.99 578.72 570.74 562.82 556.25 548.78 542.34 538.31 532.61 528.49 522.63 515.96 510.89 505.02 500.10 494.88 488.97 483.57 477.32 473.50 471.81
769.94 765.23 762.06 758.24 755.31 752.57 750.06 748.81 748.73 746.33 742.77 742.28 741.86 742.60 742.28 743.07 741.71 740.37 738.39 735.95 732.47 729.17 724.97 722.52 718.08 714.17 710.23 705.94 701.63 697.78 691.83 686.28 682.53 678.52 672.55 664.53 659.99 655.50 649.69 643.77 639.16 633.77 629.12 623.17 613.48 609.60 602.75 595.85 587.32 583.66 583.32 579.12 571.10 563.42 555.05 548.74 542.00 536.25 529.60 520.75 517.93 513.03 507.62 502.39 496.88 492.00 486.21 481.21 476.29 472.11 468.16
767.98 764.73 761.70 757.39 754.45 751.76 748.86 748.09 747.85 744.74 741.17 740.71 739.93 740.25 740.04 741.96 741.42 739.11 737.62 734.71 731.97 727.80 724.98 722.36 717.81 713.72 709.70 705.37 700.72 694.81 688.96 683.19 678.53 672.91 667.01 661.24 657.24 651.92 646.29 641.11 635.90 631.01 626.01 619.51 611.03 605.03 599.19 593.13 583.76 577.52 574.14 571.92 567.66 562.36 557.53 550.28 542.06 535.72 529.04 522.41 517.21 510.88 503.68 498.52 493.62 489.36 484.85 480.92 476.99 472.83 469.59
765.82 763.46 760.82 755.49 753.29 750.40 747.98 746.60 743.22 742.29 741.10 739.34 738.28 737.01 736.71 737.97 738.32 737.73 735.77 733.74 730.79 727.78 724.09 721.23 717.60 713.71 708.59 704.27 697.94 691.97 684.93 680.73 675.67 667.36 661.19 657.76 651.55 647.46 643.49 639.02 633.18 628.13 622.67 615.68 608.98 602.19 594.88 588.55 582.84 575.78 568.95 564.47 559.91 555.87 551.26 547.62 543.89 538.80 531.16 524.51 518.27 512.06 506.77 501.39 496.12 493.34 489.80 484.72 480.01 475.58 471.18
764.52 761.65 759.06 755.03 752.59 749.04 746.54 744.75 742.31 741.33 740.70 738.22 736.59 735.10 733.78 734.33 734.86 735.40 734.12 731.90 729.84 727.35 724.71 720.96 717.42 711.70 706.96 701.60 695.45 689.38 681.93 677.17 667.57 662.65 657.82 654.52 649.20 644.07 639.93 635.57 629.71 624.12 617.61 611.28 605.69 601.35 597.05 590.11 583.65 576.99 571.14 564.91 559.29 552.80 546.01 540.72 536.63 532.98 529.47 524.44 518.39 512.86 507.85 502.95 498.43 494.96 491.20 487.79 483.69 479.93 474.99
763.24 760.00 757.76 754.82 751.53 747.86 745.69 744.02 742.52 740.57 738.62 736.33 735.01 733.74 732.95 731.46 731.76 731.58 731.84 729.77 728.57 726.70 723.16 720.14 715.88 709.81 703.15 697.46 691.34 685.00 679.24 672.69 667.38 662.25 656.33 649.99 643.88 641.19 636.11 631.05 625.95 620.86 617.92 611.90 605.87 599.17 592.11 587.45 582.85 578.47 573.03 566.98 561.04 554.50 548.42 541.72 534.46 527.78 522.46 519.20 514.62 509.85 504.30 499.54 493.66 490.09 485.89 482.72 480.97 478.69 474.82
761.97 758.56 756.41 752.97 750.30 748.33 745.56 744.56 742.17 738.83 736.84 734.91 733.56 732.72 731.44 730.00 728.65 727.82 726.89 725.24 724.26 723.64 720.17 716.45 710.78 704.30 699.45 696.26 690.52 684.93 679.96 674.84 669.50 663.21 656.18 649.68 643.03 636.07 629.29 624.95 619.93 615.79 612.53 609.34 604.51 598.16 593.59 586.87 580.35 574.94 569.26 565.05 559.34 553.48 548.14 542.24 535.97 529.70 524.25 518.07 510.91 504.83 499.33 495.62 490.34 486.15 481.42 477.44 474.96 472.03 470.51
760.62 756.79 754.66 751.92 749.92 748.63 746.71 743.84 740.33 736.70 735.46 733.77 731.75 731.00 729.81 728.39 726.75 725.79 724.40 722.75 721.16 719.89 717.10 712.65 706.41 699.85 694.85 691.31 688.73 683.46 677.18 671.30 666.99 661.65 657.14 651.89 646.05 639.59 632.03 625.55 619.98 612.67 607.32 604.01 601.62 597.02 590.29 584.80 579.26 573.98 568.94 563.07 556.32 550.15 544.96 539.33 534.16 528.62 523.39 517.13 511.03 505.00 498.91 493.12 486.45 481.58 478.63 475.80 472.16 468.88 465.50
759.80 755.77 753.94 751.18 749.56 747.51 744.04 742.39 738.43 735.69 734.10 732.62 730.05 729.05 728.06 727.25 725.19 724.01 722.79 721.22 719.49 717.72 715.67 710.71 704.90 699.86 693.89 688.41 683.75 678.31 674.02 668.58 663.72 657.99 652.95 647.80 643.87 639.17 632.81 626.56 619.74 612.84 605.77 600.66 595.91 593.44 591.35 586.58 580.44 574.25 567.49 561.85 555.49 549.63 543.89 537.74 531.59 524.44 519.93 514.05 508.98 504.24 499.54 494.39 487.86 483.07 478.58 474.57 469.85 466.22 464.69
758.77 754.02 752.83 750.16 748.50 745.06 743.08 740.72 737.33 734.94 733.08 731.28 728.47 727.19 726.34 724.64 723.32 722.18 720.95 719.25 717.68 714.87 712.38 706.59 701.55 696.37 691.54 686.63 681.86 675.82 670.27 664.97 659.69 654.47 649.19 643.89 639.03 634.74 629.87 625.79 619.90 612.51 606.06 600.60 595.02 588.83 584.47 581.39 577.58 574.39 570.81 565.11 558.57 552.04 544.77 537.96 531.35 525.86 519.78 513.93 507.57 502.16 496.53 491.32 488.11 484.09 479.78 475.15 471.13 467.50 463.84
757.02 754.00 751.33 749.48 747.17 744.98 742.11 738.69 736.27 734.81 732.14 729.86 727.42 725.77 724.14 722.86 721.19 720.34 718.99 717.53 715.36 711.97 707.60 703.58 699.37 693.87 688.03 683.26 678.95 673.70 669.41 664.83 659.96 654.19 648.46 642.39 637.01 631.05 627.13 621.69 617.13 613.35 608.40 602.19 596.09 590.48 584.50 576.96 570.97 568.40 564.70 560.82 556.91 551.51 544.19 536.85 530.63 524.19 518.16 512.90 507.53 501.54 495.24 488.99 483.06 480.26 477.87 474.75 471.82 466.44 464.33
755.56 753.32 750.73 748.92 746.43 743.43 740.22 737.16 735.20 733.46 731.41 729.46 727.18 725.14 722.97 721.37 719.94 718.55 716.40 714.58 712.60 709.87 705.58 700.65 696.05 690.25 685.15 680.44 677.22 671.54 666.05 660.87 657.15 654.09 649.14 643.02 636.96 631.00 625.34 619.78 614.62 609.35 603.86 598.97 594.58 588.88 583.55 577.73 571.57 564.86 556.58 554.20 549.66 547.70 541.84 536.30 530.54 524.64 518.39 512.90 506.76 500.48 494.03 488.01 481.96 477.38 473.77 470.73 468.83 465.54 462.09
754.44 751.82 749.57 747.10 745.24 742.16 738.60 736.08 734.21 732.63 729.83 727.50 726.23 723.95 722.65 721.13 718.93 717.26 713.91 711.22 709.48 706.96 703.91 699.05 693.15 687.43 682.15 677.33 672.85 668.49 663.50 658.39 652.87 648.58 646.86 643.08 637.07 631.94 626.39 619.99 613.47 608.18 602.49 597.63 591.91 586.76 580.39 574.34 568.66 563.30 558.48 554.75 549.06 544.55 536.91 531.13 527.23 522.83 517.59 512.24 505.41 499.07 492.93 486.92 481.62 476.73 472.24 468.66 466.52 463.82 460.88
752.83 750.81 748.97 746.26 744.00 741.67 738.65 736.00 733.68 732.06 729.27 726.69 725.98 724.46 722.62 720.33 717.90 715.97 711.52 708.36 706.12 703.89 701.04 697.76 692.30 686.55 680.92 676.40 671.15 665.96 660.81 656.07 651.51 645.70 640.82 638.08 634.22 629.46 625.47 620.01 615.79 610.79 605.51 600.57 595.11 589.86 584.46 577.24 572.04 565.81 560.15 554.69 550.55 544.98 537.86 531.05 524.78 517.41 512.79 507.60 502.98 497.35 491.63 485.70 480.38 475.80 470.31 467.39 463.47 460.96 458.60
752.54 750.93 748.77 745.46 744.00 741.11 739.05 735.42 732.51 729.93 728.01 726.31 725.21 723.28 721.17 719.01 716.66 713.47 709.51 706.30 703.10 700.17 697.62 693.74 689.44 684.52 680.59 676.74 671.68 665.62 660.13 654.25 648.50 643.29 638.17 632.48 628.19 623.97 620.47 617.80 612.23 609.46 605.54 598.96 593.31 589.36 584.97 579.24 573.87 567.65 561.13 554.98 549.97 543.97 537.83 530.74 524.94 518.13 511.45 505.28 499.27 492.41 489.82 483.34 478.10 473.46 468.30 465.58 461.54 459.18 457.40
752.52 751.15 749.11 746.27 743.41 740.83 738.55 735.40 732.06 729.70 727.71 726.45 725.26 723.09 719.96 717.15 714.53 710.34 707.17 704.47 700.95 697.30 694.10 690.53 685.90 683.04 679.62 675.45 669.93 666.06 662.96 656.47 649.46 642.87 636.76 630.67 625.40 619.47 615.37 611.61 608.28 603.24 601.27 597.42 591.41 585.48 580.32 575.69 569.86 563.80 558.39 553.30 548.17 542.93 535.73 530.43 523.99 516.74 511.04 505.28 498.74 491.80 485.63 477.82 473.22 470.06 467.01 461.54 459.79 457.87 454.88
752.43 750.28 748.72 746.19 742.79 740.42 738.06 735.24 731.82 730.01 728.51 727.27 724.93 722.08 718.57 715.86 712.39 708.72 705.55 702.76 699.60 695.37 691.23 687.87 683.84 679.32 675.52 670.99 666.88 661.60 657.62 655.97 651.57 646.03 640.06 634.17 627.18 620.93 614.60 608.58 603.21 599.32 595.18 590.23 586.65 584.20 579.44 573.50 567.59 562.93 558.11 552.77 548.26 542.78 537.27 531.16 523.71 517.61 510.79 504.68 498.29 491.77 485.59 479.83 475.20 470.47 465.27 460.32 455.26 452.74 451.20
751.53 749.57 747.18 744.70 742.11 740.23 737.74 734.63 731.38 729.96 728.50 727.03 724.80 721.43 717.28 714.07 711.09 708.04 704.49 701.18 697.49 693.65 689.62 685.51 681.35 677.24 672.44 667.17 662.86 658.54 654.04 649.45 647.17 643.88 638.86 633.55 628.70 623.33 616.10 609.37 605.55 600.16 594.78 588.63 581.27 576.89 574.45 573.13 570.82 565.31 559.56 554.54 549.21 543.73 538.87 532.53 525.18 518.06 511.40 505.03 499.19 492.64 486.74 482.07 476.42 470.08 466.20 461.66 456.96 453.22 446.11
749.54 747.52 745.61 743.60 740.79 738.90 737.67 734.78 731.31 729.56 728.18 726.53 724.35 720.88 716.59 713.04 710.39 707.58 704.19 700.72 696.59 692.71 688.68 684.66 679.74 675.62 671.41 666.40 661.95 655.40 649.37 645.47 640.59 638.98 635.05 630.76 625.79 621.37 616.57 612.12 608.42 603.67 596.90 590.95 585.03 578.07 572.18 565.70 563.20 561.86 557.79 552.40 546.24 541.96 537.17 531.85 526.57 520.46 512.03 505.25 498.86 492.82 486.87 481.62 476.62 471.28 466.74 462.26 457.51 453.35 450.67
749.21 746.07 744.61 742.60 740.20 738.63 737.07 734.52 731.66 729.24 727.76 725.98 723.77 720.43 716.85 713.21 710.18 706.85 703.31 699.37 695.72 692.21 688.26 684.06 678.49 674.55 669.40 664.14 659.56 653.53 646.89 642.53 636.43 632.68 629.04 624.61 620.03 617.11 614.35 608.96 603.68 599.56 596.09 592.82 586.91 581.39 573.67 566.94 561.74 554.98 554.23 550.17 544.49 538.67 533.83 529.42 525.20 520.35 513.38 506.37 499.39 493.43 487.40 481.02 475.79 470.97 467.11 462.07 457.05 452.30 449.29
748.43 744.90 743.52 741.81 740.01 738.28 736.65 734.17 731.23 729.17 727.45 725.37 722.91 719.93 717.42 713.92 709.80 705.75 701.73 698.02 695.19 691.61 687.83 683.85 679.10 674.46 668.69 663.68 658.86 651.98 646.85 640.96 635.66 629.82 624.64 619.93 614.83 612.26 608.69 605.18 600.12 594.49 589.58 586.54 583.77 577.87 571.93 565.25 560.46 555.93 550.10 546.35 541.08 534.72 529.02 524.11 519.75 516.72 511.07 504.17 498.35 491.35 485.76 480.73 475.55 471.34 466.96 461.23 456.79 451.72 448.24
746.91 744.55 742.49 741.14 739.37 737.55 735.28 733.58 731.24 729.20 727.02 724.94 722.43 719.88 716.57 712.77 708.79 704.57 700.37 697.30 694.31 690.85 686.06 681.45 677.56 674.26 669.66 664.94 660.30 655.15 649.07 643.88 638.79 633.60 628.33 622.65 617.55 611.96 606.03 602.09 595.97 589.43 586.09 581.02 576.85 572.67 568.51 563.97 559.13 554.38 549.30 544.79 536.41 531.76 525.55 519.43 514.49 510.61 505.87 500.15 494.28 489.37 484.66 480.07 475.45 471.26 465.91 460.09 455.27 451.13 447.39
