InputData/KvamCaseStudy/dem.asc
ncols 	 91 
nrows 	 135 
xllcorner 	 218505.00 
yllcorner 	 6850365.00 
cellsize 	 10.0 
NODATA_value 	 -9999 
[rows 96 to 127 of 135, columns 0 to 70 of 91]
746.70 744.79 742.23 740.67 739.08 736.91 734.93 733.33 730.97 728.85 726.46 723.92 721.49 718.98 715.35 711.00 707.01 703.32 700.25 696.08 692.70 689.03 683.87 679.43 676.40 673.94 671.06 667.27 662.66 657.59 651.45 646.98 642.03 636.73 631.13 626.73 620.96 615.70 610.49 604.45 597.65 591.29 585.75 580.34 576.58 572.66 567.88 562.30 556.98 549.86 545.99 537.34 531.27 526.49 526.37 515.63 509.80 505.04 500.00 496.05 491.38 486.36 482.50 479.30 474.49 469.45 465.01 459.80 455.22 450.41 446.56
746.21 744.33 743.05 740.39 738.52 736.31 734.11 732.65 730.76 728.12 725.14 722.79 720.32 718.03 713.85 709.82 706.20 702.54 699.48 695.85 692.32 687.41 681.77 677.69 675.38 672.85 668.98 664.54 659.53 654.90 650.04 644.10 639.44 635.41 630.26 624.95 620.73 616.02 611.37 606.26 601.04 596.00 590.57 586.08 581.23 575.84 569.67 562.50 557.80 552.25 546.92 541.36 533.94 528.97 521.19 514.12 507.90 500.80 495.34 490.21 486.22 482.64 478.13 475.09 473.19 468.91 464.95 459.52 454.84 450.21 446.09
746.34 744.24 741.36 739.43 736.99 734.56 732.48 731.51 729.99 727.19 723.99 721.76 719.22 718.15 714.13 708.81 705.77 702.11 698.36 694.53 690.37 685.03 679.54 676.18 673.93 671.79 667.85 663.24 657.83 653.76 648.27 642.58 636.86 632.63 628.74 623.45 618.86 613.75 610.58 604.94 598.98 594.86 590.19 585.16 579.97 574.75 568.47 562.45 556.99 550.65 545.67 539.55 533.82 527.73 520.42 514.37 508.85 503.98 498.14 492.42 486.50 480.02 474.14 469.01 468.00 466.33 464.75 459.38 455.20 450.37 446.22
745.48 744.09 741.85 739.32 737.64 735.48 732.59 730.46 729.37 726.37 723.56 720.99 718.10 715.50 712.07 709.25 705.69 701.31 697.29 692.89 687.62 683.19 679.16 675.60 672.84 670.56 666.62 662.15 657.10 652.02 646.34 641.21 636.22 631.55 626.05 620.80 615.70 612.11 606.76 602.20 598.01 592.74 587.47 581.31 576.49 571.48 565.50 560.44 554.57 549.27 543.97 538.51 531.88 524.43 518.53 512.85 508.01 502.91 497.22 491.00 485.28 479.60 473.95 468.88 462.54 461.92 463.01 459.01 454.68 450.00 446.20
745.67 744.36 742.11 739.65 737.64 735.39 733.11 730.53 728.79 726.49 723.52 721.02 718.23 715.36 712.20 709.46 705.21 700.08 696.56 692.77 688.89 685.08 680.25 675.31 672.08 669.16 665.21 660.75 655.88 650.31 645.05 640.95 636.14 630.64 623.96 618.60 614.11 609.14 603.21 598.82 594.39 590.70 586.01 580.24 574.34 567.96 563.30 558.31 552.48 547.62 542.28 536.51 530.29 523.38 516.06 511.46 505.74 500.76 495.00 489.49 483.29 477.63 472.09 467.24 462.23 455.68 455.73 456.24 453.51 448.92 445.15
746.62 744.54 742.22 739.67 736.77 735.22 732.91 730.59 728.77 726.58 723.34 720.30 717.68 714.73 711.73 709.73 703.67 700.13 696.53 693.11 689.40 685.43 680.56 675.48 671.21 668.27 664.49 659.80 655.06 649.86 644.82 639.70 633.68 628.08 621.42 616.24 612.38 607.82 602.47 597.91 592.51 587.01 580.98 575.72 570.59 565.77 561.20 555.64 550.72 545.97 540.60 534.32 528.16 519.93 514.31 509.41 504.01 498.62 493.24 488.09 481.90 475.97 471.31 466.02 460.57 455.21 448.90 450.35 448.44 444.18 440.85
747.57 744.69 742.08 739.51 735.98 734.39 732.22 729.80 728.21 725.92 722.67 719.61 717.02 714.14 711.52 710.21 704.84 700.86 696.55 691.96 687.82 683.41 678.94 674.14 670.11 667.77 663.90 658.97 654.02 648.37 643.44 638.08 633.20 627.53 622.85 617.72 612.28 606.65 601.12 595.40 588.23 586.83 582.95 577.94 571.34 566.01 559.93 553.93 548.70 541.89 535.59 531.46 526.22 519.17 513.06 507.88 502.65 496.98 491.34 486.30 481.43 476.28 471.34 465.63 460.43 454.27 450.40 443.39 443.42 439.48 434.80
747.26 744.19 740.44 736.45 735.11 733.93 731.50 729.19 726.97 724.57 721.55 718.61 716.72 714.42 711.72 710.81 704.61 699.16 694.65 690.39 685.46 680.88 676.26 673.01 669.82 666.59 662.64 657.44 653.02 648.30 643.17 638.11 633.35 628.95 623.82 618.64 613.17 607.54 601.82 596.79 590.63 583.55 576.90 573.86 568.60 562.62 558.23 553.96 548.65 542.89 536.02 530.08 523.34 516.62 510.70 505.06 500.91 495.08 489.42 483.58 479.04 474.81 471.38 465.74 462.25 457.12 450.39 445.86 439.90 436.93 435.80
746.21 743.37 738.49 735.98 734.36 733.26 731.09 728.85 726.67 724.05 721.23 719.00 716.90 714.47 713.31 708.98 703.18 698.32 693.17 688.66 684.13 680.02 676.04 672.65 669.13 664.66 660.08 656.04 651.59 646.58 642.39 637.60 633.04 628.15 623.35 616.99 611.87 606.03 600.37 596.04 591.49 585.87 578.82 573.08 566.13 558.51 553.68 549.35 545.02 539.60 533.81 527.88 522.61 515.50 510.48 504.64 498.43 491.31 486.31 482.54 475.89 470.62 465.75 463.42 461.46 457.44 453.92 450.43 448.65 446.90 444.90
743.97 741.75 738.78 735.39 733.58 732.75 731.20 728.95 726.67 723.83 721.55 719.53 716.99 714.35 712.94 707.02 702.21 697.36 692.56 688.00 683.97 679.49 675.56 671.90 668.34 663.56 659.00 653.76 649.73 645.44 640.65 635.71 631.32 625.78 620.14 615.59 608.89 603.61 597.37 592.69 587.37 582.70 577.86 572.33 566.72 559.82 554.08 549.06 542.61 534.68 529.09 526.39 519.54 513.09 508.67 503.13 496.81 489.74 484.50 479.55 474.66 471.79 466.52 462.21 457.46 454.83 454.45 452.93 450.56 446.55 443.78
742.90 738.93 735.40 733.55 731.90 731.37 730.75 729.10 726.66 723.59 721.54 719.38 716.67 713.68 710.67 706.49 701.34 696.15 691.09 687.14 682.85 678.38 674.18 670.65 667.05 662.78 657.17 652.27 647.61 643.50 638.47 633.33 629.17 624.15 618.98 613.23 608.31 602.16 597.06 592.72 587.20 581.23 574.82 569.19 564.01 558.08 552.71 547.80 541.76 535.72 530.44 524.85 518.19 512.45 507.15 503.16 499.18 494.10 488.30 484.67 479.07 474.23 468.78 463.91 460.69 455.29 453.27 449.35 449.17 445.60 445.12
742.17 738.09 735.22 732.46 731.26 731.14 729.94 728.43 725.71 723.12 721.01 718.50 715.55 713.46 708.79 704.20 700.23 695.70 691.19 686.88 682.67 677.88 673.43 669.70 665.53 660.89 655.55 651.15 646.17 641.66 636.46 632.33 627.24 622.23 617.66 612.16 604.18 600.21 595.28 590.24 584.78 578.92 574.32 568.06 562.82 557.04 551.71 546.12 539.10 532.61 527.39 521.67 516.60 510.49 506.82 503.81 501.31 495.11 490.09 484.90 479.44 474.85 471.15 467.21 461.53 458.41 453.65 448.82 448.31 444.07 444.19
741.47 738.48 735.86 731.76 730.30 729.95 728.92 727.47 724.94 722.71 720.28 717.47 714.65 712.93 707.16 702.89 698.96 694.40 690.09 685.46 681.55 676.74 671.95 667.47 663.06 660.25 655.69 650.43 645.16 640.22 635.53 630.02 624.37 619.89 613.57 608.14 600.87 594.52 590.24 587.64 583.84 578.46 571.83 565.52 561.27 555.63 550.02 543.76 537.93 531.21 524.77 519.41 513.70 508.07 503.71 500.08 499.31 493.23 487.38 482.21 477.11 472.58 468.81 465.73 461.05 457.27 452.98 448.63 446.88 442.23 439.18
741.19 738.41 735.71 732.05 729.97 728.65 727.24 725.51 724.23 721.85 719.17 716.42 714.25 710.67 706.35 701.45 696.88 693.53 689.29 684.53 680.04 675.23 670.12 666.09 661.61 658.50 654.27 649.71 645.18 641.04 635.81 630.98 625.60 618.95 613.78 606.73 599.07 593.72 588.58 583.85 577.14 572.48 568.15 563.42 558.18 552.90 546.78 540.54 533.50 525.78 519.76 514.72 510.48 505.72 500.05 495.75 494.43 491.27 485.91 480.42 475.71 471.19 467.75 464.71 459.59 455.82 451.50 447.76 444.49 441.65 436.22
742.10 738.90 735.91 733.46 730.55 728.18 725.49 722.97 722.18 720.34 717.77 714.77 713.20 708.70 704.77 700.52 696.45 693.13 689.08 685.11 679.45 674.59 669.79 666.53 661.90 658.32 653.78 648.34 643.36 638.77 633.96 629.02 624.04 619.11 614.34 606.74 601.42 596.31 591.05 586.12 580.48 573.65 566.20 560.50 554.73 547.74 543.57 537.50 531.95 526.53 520.24 515.40 509.27 502.89 494.65 490.36 486.61 486.88 483.35 479.29 475.00 470.65 467.92 463.46 458.75 454.58 450.46 446.81 443.41 440.70 437.25
741.27 739.34 736.64 734.96 731.85 729.33 725.58 722.20 720.15 718.60 716.03 713.78 710.97 707.34 703.60 699.64 695.93 691.78 686.82 682.58 678.21 673.78 669.51 666.10 661.46 657.38 653.26 648.72 643.66 638.40 633.52 628.10 622.71 617.85 612.05 605.66 599.58 595.06 589.49 582.53 578.20 573.41 568.66 562.97 556.61 550.84 545.74 539.14 532.57 525.76 519.93 514.47 507.97 502.98 496.20 489.92 482.66 478.66 476.88 474.53 472.03 470.62 466.50 462.02 457.84 452.75 449.59 446.64 444.02 439.11 437.52
739.14 738.39 737.05 734.78 732.59 730.04 726.40 722.58 719.70 717.35 714.81 712.39 708.78 705.88 701.85 698.21 694.37 690.05 685.62 681.42 677.13 672.65 668.77 665.38 660.14 655.40 651.11 647.30 641.97 636.92 631.94 627.50 622.85 617.95 612.17 604.04 598.10 592.36 586.27 580.22 574.85 569.47 564.13 558.68 553.50 547.98 542.25 536.77 531.60 525.44 519.10 512.83 506.65 500.39 495.34 489.60 483.62 477.91 472.22 467.71 465.68 464.44 461.15 457.77 456.05 451.46 449.11 445.48 442.49 438.74 436.99
735.68 736.47 736.15 734.60 733.12 730.41 727.26 723.00 719.40 716.45 714.38 709.90 707.15 704.15 700.37 696.44 692.61 689.28 685.67 680.99 676.28 671.94 667.97 663.46 659.12 654.49 650.23 645.29 640.84 635.91 630.79 625.96 621.44 616.92 611.37 605.20 597.63 590.85 585.36 579.66 574.11 566.10 561.72 556.04 550.34 544.08 538.65 531.73 527.49 523.09 518.01 512.85 507.33 501.57 495.72 490.35 484.74 479.35 473.90 467.41 462.77 458.71 457.13 455.61 451.59 449.61 447.16 444.59 440.73 438.02 435.90
733.17 733.24 733.64 732.80 732.03 730.65 727.27 722.65 719.57 715.75 712.48 708.74 705.71 702.80 698.97 694.99 690.90 687.70 684.22 680.17 675.48 671.45 667.39 662.32 657.89 652.71 648.07 643.94 639.40 634.95 630.05 624.19 619.71 614.61 610.20 603.49 598.17 591.16 586.04 579.74 572.93 566.96 561.40 553.98 548.94 542.09 535.56 529.65 525.21 517.90 512.96 510.31 509.21 504.42 498.82 492.64 486.47 480.79 475.46 470.77 466.53 461.71 457.73 452.19 448.06 447.30 444.25 439.47 434.54 431.07 428.42
731.11 730.80 730.98 730.77 730.22 728.49 725.66 722.66 719.05 714.99 712.07 708.75 705.50 702.69 698.15 693.64 689.68 685.78 682.31 678.65 674.30 669.84 665.71 660.34 655.87 651.66 647.00 642.54 637.87 633.31 628.79 623.40 618.37 613.10 606.53 600.96 594.21 588.82 583.99 578.84 572.53 566.14 560.19 553.72 547.63 541.21 534.21 528.14 522.68 517.25 511.58 503.21 502.23 501.49 497.45 491.64 485.21 479.30 474.20 469.99 465.93 461.87 457.70 454.71 450.54 448.53 445.64 439.38 434.17 427.97 421.72
729.17 728.49 727.92 727.50 727.38 726.94 724.87 722.80 719.08 715.00 712.02 708.56 705.68 701.77 697.39 692.16 687.89 685.05 681.06 676.62 672.75 667.73 663.16 658.92 654.48 649.17 645.14 640.64 636.42 632.29 627.61 622.08 616.78 610.18 604.19 596.86 591.44 586.58 581.85 577.03 570.99 564.44 558.33 551.95 547.69 539.29 532.49 526.22 520.20 513.90 508.90 503.28 496.91 493.40 490.80 488.37 483.52 477.60 472.79 468.58 464.37 461.49 456.31 453.81 450.40 447.27 444.90 442.95 438.88 429.99 423.59
728.20 726.98 726.71 726.00 725.58 724.86 723.41 722.09 718.24 715.36 712.25 708.89 705.15 701.31 694.86 690.48 686.79 683.77 678.34 675.04 671.09 666.31 661.80 657.07 652.44 648.08 643.23 638.70 634.60 630.76 625.58 621.06 615.08 606.69 600.95 595.58 589.00 584.80 579.73 572.47 566.88 561.16 556.27 550.63 544.02 537.19 531.06 525.36 518.80 512.04 506.44 501.04 496.58 491.02 484.90 482.36 479.09 474.94 470.56 466.35 463.23 458.26 455.26 452.06 449.29 446.24 443.89 442.10 437.83 428.71 421.54
726.93 724.85 724.39 724.53 724.05 722.89 721.82 720.73 717.28 715.12 712.43 709.33 704.61 698.63 693.77 689.81 686.14 681.67 676.68 673.23 669.24 665.31 660.93 656.59 652.16 647.77 642.76 637.37 632.67 628.63 623.62 618.88 609.78 604.56 598.84 593.06 588.07 583.39 576.12 570.43 564.32 557.88 551.71 547.03 541.48 533.91 528.37 523.06 517.82 511.80 505.48 500.02 495.41 491.33 485.01 478.13 473.29 470.79 467.37 464.42 458.94 456.28 452.94 450.56 447.28 445.01 442.76 440.81 433.13 426.13 420.13
725.79 723.72 722.64 722.44 721.59 720.16 719.56 718.51 716.38 715.03 712.16 708.02 703.74 697.69 693.31 688.45 684.63 680.05 675.67 671.61 668.05 663.26 658.38 653.43 649.55 645.55 641.41 635.82 631.39 627.04 621.16 614.70 608.51 603.32 597.61 592.35 587.47 582.35 576.74 570.54 564.58 558.38 551.68 544.77 538.40 531.31 525.20 519.26 513.82 508.43 503.97 498.58 492.52 487.30 484.76 480.19 474.47 469.25 465.26 462.26 458.48 456.70 453.19 450.45 447.34 444.40 442.09 435.75 429.33 424.02 419.09
724.17 722.22 721.48 720.98 720.36 719.18 717.91 716.59 715.49 714.26 711.18 706.47 701.98 697.03 691.80 686.63 683.62 679.18 674.78 669.88 666.55 662.11 657.76 652.79 647.69 642.39 638.07 633.68 628.80 623.61 618.66 613.31 608.06 602.66 595.94 589.20 584.15 579.81 573.18 567.37 561.31 555.80 549.92 543.36 538.09 530.56 523.32 518.51 512.23 507.15 500.68 495.39 489.96 484.37 478.95 476.82 475.39 472.84 468.95 465.48 462.07 456.68 453.33 449.66 446.15 442.89 440.79 431.03 425.58 420.52 415.26
723.49 721.57 720.77 719.58 718.83 717.46 716.43 715.27 714.19 712.50 707.75 704.77 700.22 695.44 690.60 685.39 681.83 677.58 673.92 669.04 664.48 659.77 655.59 651.29 646.20 640.96 635.66 630.65 626.20 621.65 616.76 612.25 607.62 601.44 594.37 587.68 580.31 574.00 570.29 564.42 558.37 552.28 546.53 540.44 534.55 528.47 522.41 517.43 510.92 505.45 499.26 493.88 487.65 482.19 476.85 471.55 468.96 467.90 466.68 464.76 460.15 455.03 451.87 447.97 444.29 440.76 438.29 428.58 422.46 417.70 411.74
723.24 721.47 719.93 718.59 717.22 715.36 714.35 713.61 712.21 708.84 704.88 702.37 698.14 693.63 688.83 683.98 680.06 675.23 671.80 667.08 663.49 658.63 653.54 648.14 643.74 639.47 636.26 631.68 625.34 618.97 614.29 609.83 604.38 599.43 593.38 586.87 580.08 573.44 567.47 561.09 555.05 548.37 543.21 538.05 532.35 526.29 520.85 514.83 508.58 503.15 496.85 491.36 485.98 481.10 475.68 470.20 465.31 462.17 460.38 459.44 457.53 453.83 450.29 446.66 441.96 438.84 435.98 429.48 422.27 416.88 410.47
723.04 721.52 719.22 717.68 715.97 714.15 712.06 710.88 709.10 706.22 703.76 700.72 696.23 691.77 687.03 682.18 678.01 673.91 669.49 664.70 660.75 656.12 650.67 645.81 640.43 636.69 632.19 629.02 624.84 618.47 613.58 607.36 600.92 593.35 591.00 585.74 579.13 573.24 566.68 562.26 555.83 549.36 543.09 538.19 531.77 525.57 519.44 514.17 508.85 502.83 496.50 490.70 485.71 480.34 474.96 468.75 463.84 459.11 455.27 451.78 450.59 449.82 447.75 443.90 440.63 437.57 435.11 428.83 422.33 416.91 410.44
722.25 721.11 719.06 717.50 715.83 713.51 711.21 708.82 707.12 705.15 702.87 699.58 694.43 689.73 686.00 681.57 677.27 672.28 667.06 663.18 658.42 653.22 648.01 642.44 637.53 632.65 627.96 623.79 619.69 617.51 612.23 606.86 601.25 594.79 587.76 581.73 575.67 570.53 564.40 559.41 551.92 544.75 541.17 535.68 532.05 528.07 523.35 517.72 513.07 505.89 500.32 494.95 488.88 483.41 477.78 471.95 466.02 460.12 455.05 450.49 446.13 443.87 442.28 439.46 437.64 435.00 432.88 426.84 422.06 416.04 408.46
721.56 719.93 718.54 717.39 715.66 713.61 710.56 708.40 706.64 704.16 701.41 697.82 692.85 687.92 684.84 680.95 676.34 671.03 666.28 662.34 657.51 652.41 647.62 643.00 637.38 632.15 626.92 621.51 615.67 610.93 609.19 604.91 599.01 592.90 587.18 581.54 574.64 566.46 558.59 555.08 547.71 542.64 538.81 533.67 529.31 527.02 523.74 518.92 513.60 508.28 504.01 497.19 491.02 484.85 479.47 473.49 468.17 462.37 457.02 452.16 447.45 442.82 439.18 436.89 434.24 431.57 426.83 422.90 419.38 414.74 408.18
720.73 719.36 717.68 716.18 714.67 712.57 710.69 708.35 705.49 702.54 699.70 695.48 690.55 684.97 681.52 678.24 674.32 669.38 665.75 661.66 656.71 652.86 647.81 642.61 637.59 632.73 628.61 624.06 617.47 610.05 604.09 601.81 597.53 590.79 584.51 578.32 571.39 566.17 558.78 550.56 544.99 539.68 534.75 530.48 526.22 523.24 521.16 517.03 512.05 506.79 502.48 496.10 489.33 483.84 478.59 473.96 469.38 464.96 460.48 455.45 450.94 446.12 441.87 438.32 434.36 431.18 425.44 418.96 414.74 409.97 406.07
720.15 718.52 716.88 715.59 713.54 711.74 709.02 706.40 702.73 700.64 697.13 692.78 688.23 682.89 678.00 674.48 671.12 667.41 664.09 659.98 655.14 650.53 645.86 641.50 636.30 631.24 625.57 620.00 615.67 610.24 603.68 597.85 591.87 587.74 582.92 576.27 568.39 561.88 556.75 549.63 543.00 536.47 531.34 525.50 521.82 518.28 517.24 513.96 508.91 503.98 500.85 493.35 487.15 482.02 476.48 472.01 468.65 464.84 459.42 454.61 450.99 447.11 443.26 439.72 436.56 432.19 425.25 418.27 412.75 407.61 402.02
