InputData/KvamCaseStudy/dem.asc
ncols        91
nrows        135
xllcorner    218505.000000000000
yllcorner    6850365.000000000000
cellsize     10.000000000000
NODATA_value  -9999
[rows 0 to 19 of 135, columns 0 to 43 of 91]
800.821044921875 797.82440185546875 793.343017578125 789.42584228515625 786.2989501953125 783.15191650390625 782.235595703125 780.99346923828125 780.01434326171875 779.1514892578125 778.29364013671875 775.8289794921875 773.919677734375 772.77587890625 771.37078857421875 770.002685546875 768.56292724609375 768.007568359375 767.29107666015625 765.73779296875 763.94146728515625 763.54742431640625 761.9508056640625 760.12835693359375 758.0672607421875 754.484619140625 750.96044921875 747.34466552734375 744.4449462890625 741.43756103515625 738.70294189453125 735.29656982421875 731.70306396484375 728.1541748046875 724.43017578125 720.32794189453125 715.89044189453125 711.27276611328125 707.009765625 701.9307861328125 698.10162353515625 693.5758056640625 689.11907958984375 685.6666259765625
799.732177734375 796.19879150390625 792.952392578125 789.5478515625 786.23284912109375 783.0811767578125 782.2259521484375 781.417236328125 779.8382568359375 778.764892578125 776.870361328125 775.4229736328125 773.63848876953125 772.77545166015625 771.82415771484375 770.09197998046875 770.19427490234375 768.9678955078125 767.767822265625 766.296142578125 764.8914794921875 763.8492431640625 762.3106689453125 760.6732177734375 758.26123046875 755.1968994140625 751.39434814453125 747.77911376953125 744.968505859375 741.24468994140625 738.15167236328125 734.8421630859375 731.5615234375 727.75213623046875 724.03509521484375 720.06854248046875 715.2474365234375 710.51611328125 705.79803466796875 701.3984375 697.699951171875 693.8916015625 689.555908203125 685.8870849609375
798.6463623046875 795.07110595703125 791.557373046875 788.93328857421875 786.889404296875 783.9097900390625 781.7052001953125 781.32550048828125 779.67218017578125 777.87591552734375 776.32373046875 775.15972900390625 773.72998046875 772.3055419921875 771.55865478515625 770.33935546875 771.02484130859375 769.89447021484375 768.39111328125 766.78570556640625 765.19146728515625 763.723876953125 762.1258544921875 761.01263427734375 758.42242431640625 755.08026123046875 751.3890380859375 747.62542724609375 744.933349609375 741.53729248046875 738.31500244140625 735.39447021484375 732.475341796875 728.681884765625 724.6448974609375 719.7373046875 714.87908935546875 710.38720703125 706.0965576171875 702.0496826171875 698.23529052734375 694.2716064453125 689.6221923828125 685.7447509765625
798.65594482421875 795.13623046875 792.0076904296875 787.98504638671875 784.665771484375 781.8857421875 782.49871826171875 781.4930419921875 780.162109375 778.59710693359375 776.3359375 774.93902587890625 773.93048095703125 772.62353515625 771.3363037109375 770.6229248046875 771.10699462890625 770.82470703125 768.67962646484375 767.17218017578125 765.66845703125 763.2095947265625 762.46990966796875 760.84039306640625 758.62982177734375 755.0626220703125 751.75213623046875 747.8873291015625 744.340087890625 741.375 738.4453125 735.496826171875 732.841064453125 727.9368896484375 724.024169921875 719.958740234375 716.14251708984375 711.16290283203125 707.06353759765625 702.760498046875 698.66497802734375 694.51593017578125 689.725830078125 685.82269287109375
799.2288818359375 795.549560546875 791.29510498046875 787.243896484375 784.36834716796875 781.85638427734375 779.67767333984375 781.3048095703125 780.4111328125 778.69091796875 776.6488037109375 775.41632080078125 774.3807373046875 772.4986572265625 771.73846435546875 770.2713623046875 771.11651611328125 771.1634521484375 769.23175048828125 767.32177734375 766.1513671875 763.5693359375 762.494384765625 760.868896484375 758.1839599609375 754.85394287109375 751.55731201171875 748.1427001953125 744.64727783203125 741.6961669921875 738.490234375 735.3612060546875 732.1982421875 727.0950927734375 723.14813232421875 720.032958984375 715.97705078125 712.0474853515625 707.90325927734375 703.71429443359375 699.12353515625 694.85162353515625 690.94580078125 686.451171875
798.5621337890625 795.15277099609375 791.56036376953125 786.7825927734375 783.66241455078125 781.5732421875 779.3057861328125 777.9849853515625 780.24407958984375 779.05902099609375 777.57183837890625 775.316650390625 774.19549560546875 773.31103515625 771.50103759765625 769.996337890625 770.3695068359375 770.39593505859375 769.3006591796875 767.70745849609375 766.22210693359375 763.1876220703125 762.0623779296875 760.65673828125 758.2486572265625 755.30035400390625 752.497314453125 748.9864501953125 745.05767822265625 742.1871337890625 738.9556884765625 735.09326171875 731.001953125 727.23980712890625 722.63372802734375 719.38427734375 715.865234375 712.2890625 708.0079345703125 703.69476318359375 699.609619140625 695.70751953125 690.961181640625 687.48828125
798.980224609375 795.52606201171875 791.163818359375 787.3277587890625 784.4586181640625 782.46759033203125 780.2464599609375 776.84124755859375 777.11822509765625 778.8125 777.60675048828125 775.49853515625 773.75067138671875 773.14959716796875 771.865234375 770.5303955078125 769.4525146484375 769.5184326171875 769.11224365234375 767.78912353515625 766.20635986328125 763.24871826171875 762.104248046875 760.29437255859375 758.7655029296875 755.7066650390625 753.10943603515625 750.4036865234375 745.9725341796875 742.51702880859375 738.73614501953125 734.679931640625 731.117919921875 727.179443359375 723.10205078125 719.839111328125 716.4481201171875 712.2373046875 707.643798828125 704.01641845703125 700.18505859375 696.2257080078125 691.9246826171875 688.1456298828125
798.8978271484375 794.94024658203125 791.93621826171875 788.615234375 785.5960693359375 782.82208251953125 780.61248779296875 777.4058837890625 775.556640625 777.987060546875 777.30377197265625 775.882080078125 774.15289306640625 772.84991455078125 772.0665283203125 770.561279296875 769.139404296875 769.2449951171875 768.51348876953125 767.37060546875 765.5546875 762.8797607421875 761.8773193359375 759.886962890625 758.45550537109375 756.3350830078125 753.26361083984375 750.26104736328125 747.2022705078125 742.919677734375 738.693115234375 735.060302734375 731.91162109375 728.07440185546875 724.18841552734375 720.3223876953125 716.994384765625 712.6783447265625 708.09869384765625 704.82098388671875 701.030029296875 696.81768798828125 693.28369140625 689.0640869140625
799.76177978515625 795.63232421875 792.3394775390625 789.21697998046875 786.3126220703125 783.56024169921875 780.3514404296875 777.4320068359375 775.162109375 774.7479248046875 776.68499755859375 775.9002685546875 774.703369140625 773.09259033203125 772.134033203125 770.7115478515625 768.3331298828125 768.2625732421875 767.85748291015625 766.958984375 765.4066162109375 762.697265625 761.4248046875 760.100830078125 758.50433349609375 756.17938232421875 754.28399658203125 752.021484375 748.29833984375 743.8184814453125 739.6544189453125 736.43182373046875 732.1239013671875 727.551513671875 723.71453857421875 720.350830078125 716.983642578125 713.23065185546875 709.14739990234375 705.29278564453125 701.270751953125 697.2630615234375 694.0455322265625 690.1610107421875
800.28704833984375 797.15960693359375 793.68902587890625 790.47509765625 786.799072265625 784.63726806640625 782.0849609375 779.14422607421875 776.478271484375 774.4398193359375 773.8634033203125 775.1951904296875 773.7960205078125 773.1121826171875 771.9696044921875 770.115478515625 768.37615966796875 767.4483642578125 767.53009033203125 766.57196044921875 765.1717529296875 762.45684814453125 761.73291015625 760.05963134765625 758.793701171875 756.93646240234375 755.04705810546875 753.18060302734375 748.775634765625 744.3619384765625 740.150146484375 736.4493408203125 732.600830078125 728.00244140625 724.14068603515625 720.56005859375 716.96453857421875 713.2799072265625 709.52008056640625 705.72607421875 701.3358154296875 697.667236328125 694.6688232421875 690.941162109375
800.43731689453125 798.24664306640625 794.726806640625 791.85821533203125 788.4765625 785.41082763671875 783.19610595703125 780.507080078125 778.3819580078125 775.3492431640625 773.138916015625 772.959716796875 773.2039794921875 772.7607421875 772.49456787109375 770.4169921875 768.2015380859375 766.6341552734375 765.43450927734375 766.00140380859375 764.936279296875 762.9085693359375 761.29339599609375 759.54522705078125 758.65087890625 757.24639892578125 755.438720703125 752.99359130859375 749.21197509765625 743.73297119140625 740.13134765625 736.7099609375 732.85040283203125 728.2049560546875 725.0108642578125 721.91033935546875 717.445556640625 713.4945068359375 709.08349609375 705.75701904296875 702.04644775390625 697.8363037109375 694.8173828125 692.20849609375
800.7921142578125 798.27752685546875 795.200927734375 792.967041015625 789.8817138671875 787.27105712890625 784.3157958984375 781.91815185546875 779.23309326171875 777.6214599609375 773.6087646484375 772.0220947265625 771.86236572265625 772.6396484375 772.13787841796875 770.8323974609375 768.0797119140625 766.4385986328125 765.33489990234375 764.3743896484375 763.69415283203125 762.82470703125 761.2830810546875 759.789306640625 758.2359619140625 756.788818359375 755.47821044921875 752.56097412109375 748.71771240234375 744.3675537109375 740.625732421875 736.76641845703125 733.1348876953125 728.0538330078125 724.3282470703125 721.22918701171875 717.192626953125 713.2828369140625 708.91748046875 706.0909423828125 702.11175537109375 698.457763671875 695.78106689453125 691.91595458984375
800.58111572265625 798.318603515625 796.356201171875 793.44537353515625 790.4644775390625 787.88397216796875 784.45526123046875 781.8375244140625 779.47900390625 777.73828125 775.02410888671875 771.98590087890625 771.244384765625 771.682861328125 770.81982421875 769.7568359375 767.89068603515625 766.50006103515625 765.3997802734375 764.1981201171875 762.9554443359375 762.0166015625 760.7095947265625 759.635986328125 757.91961669921875 756.00372314453125 753.6107177734375 751.1651611328125 748.4732666015625 745.74420166015625 741.3480224609375 736.93487548828125 732.415283203125 727.760009765625 724.1922607421875 720.8267822265625 717.67559814453125 713.0654296875 709.9522705078125 706.93817138671875 702.5299072265625 699.44488525390625 694.9522705078125 692.308837890625
800.7376708984375 797.61077880859375 795.6636962890625 793.60064697265625 790.91839599609375 788.28607177734375 785.011962890625 782.1571044921875 780.20703125 778.021240234375 776.2777099609375 773.32763671875 770.84228515625 769.18914794921875 768.311767578125 768.141357421875 767.9573974609375 766.01092529296875 765.34735107421875 763.622314453125 763.112060546875 760.9654541015625 760.8154296875 760.49334716796875 757.48114013671875 755.85040283203125 753.67633056640625 751.38446044921875 748.6824951171875 745.257568359375 741.0369873046875 736.95355224609375 732.55511474609375 728.25848388671875 724.607421875 720.9559326171875 717.73675537109375 713.96722412109375 710.4215087890625 707.05340576171875 702.4569091796875 699.2852783203125 694.890869140625 692.79876708984375
800.80535888671875 798.05078125 795.5010986328125 793.12945556640625 791.464111328125 788.758056640625 785.5018310546875 782.98187255859375 780.43231201171875 777.894287109375 776.265869140625 774.64385986328125 771.74853515625 769.60369873046875 766.961181640625 766.23052978515625 765.9268798828125 765.87103271484375 764.7969970703125 763.47802734375 762.3292236328125 760.81817626953125 760.8255615234375 759.42138671875 757.605224609375 755.73309326171875 753.700927734375 751.66119384765625 749.14752197265625 745.29742431640625 741.0743408203125 737.15380859375 733.12060546875 728.69775390625 724.9537353515625 721.86346435546875 718.42431640625 714.3463134765625 710.9615478515625 707.6488037109375 702.81097412109375 698.9324951171875 695.6986083984375 693.258544921875
800.29425048828125 798.31256103515625 795.85931396484375 793.86016845703125 791.67791748046875 789.12451171875 786.0721435546875 783.32769775390625 780.67742919921875 778.66949462890625 776.8792724609375 774.7247314453125 773.01080322265625 771.224365234375 768.90814208984375 766.37359619140625 765.4034423828125 764.96099853515625 764.25518798828125 762.9244384765625 762.167236328125 760.75030517578125 760.57244873046875 759.2493896484375 757.63275146484375 755.3604736328125 753.335693359375 751.33209228515625 749.2314453125 745.7340087890625 740.58935546875 736.6221923828125 732.95379638671875 729.3087158203125 725.39971923828125 721.6474609375 718.02447509765625 714.6099853515625 711.08856201171875 707.70111083984375 704.02838134765625 699.7142333984375 696.790283203125 693.39080810546875
799.40765380859375 797.308837890625 795.1611328125 793.25201416015625 791.27398681640625 788.86273193359375 785.83258056640625 783.7728271484375 781.106201171875 778.8271484375 776.71026611328125 775.0400390625 773.17529296875 771.3900146484375 770.593994140625 767.98876953125 766.44525146484375 764.6793212890625 763.8463134765625 763.058837890625 761.79443359375 760.6143798828125 759.8634033203125 758.74908447265625 757.41162109375 755.19049072265625 753.15997314453125 751.1884765625 748.94366455078125 745.8350830078125 741.2010498046875 736.38916015625 732.82647705078125 729.58660888671875 725.67877197265625 721.58514404296875 717.900390625 714.4232177734375 711.11407470703125 707.7530517578125 704.454833984375 700.62298583984375 697.7978515625 693.6650390625
800.05096435546875 797.403076171875 794.17974853515625 792.41912841796875 790.27325439453125 787.9970703125 785.3792724609375 784.14349365234375 781.96771240234375 779.44122314453125 777.703125 775.6824951171875 774.0648193359375 771.45245361328125 770.1573486328125 768.3160400390625 767.5760498046875 765.7637939453125 763.7066650390625 762.9490966796875 761.75115966796875 760.5821533203125 759.3223876953125 758.31011962890625 757.00640869140625 754.964599609375 752.88958740234375 750.810546875 748.4962158203125 745.22821044921875 740.75091552734375 736.54913330078125 734.048583984375 730.52935791015625 726.34033203125 721.968017578125 718.22296142578125 714.1490478515625 710.98626708984375 707.465576171875 704.5086669921875 701.266845703125 698.77313232421875 694.644287109375
800.6148681640625 798.08905029296875 795.103515625 791.866943359375 790.39947509765625 788.03753662109375 785.8529052734375 783.5343017578125 781.87176513671875 780.22894287109375 777.3487548828125 774.6551513671875 773.70361328125 771.47406005859375 769.31005859375 768.65264892578125 767.24560546875 766.3111572265625 764.6435546875 762.66278076171875 761.4605712890625 760.4495849609375 759.16888427734375 758.02020263671875 756.61480712890625 754.6962890625 752.55303955078125 750.536376953125 748.10302734375 745.1514892578125 741.5069580078125 737.84368896484375 734.73358154296875 730.87432861328125 726.49298095703125 722.460693359375 718.359619140625 714.3634033203125 710.68194580078125 708.16729736328125 704.9920654296875 702.3065185546875 699.36163330078125 695.0115966796875
800.59930419921875 797.8983154296875 795.71966552734375 792.4041748046875 790.2103271484375 788.819580078125 786.23797607421875 784.0677490234375 782.0946044921875 779.53460693359375 777.74395751953125 774.5445556640625 772.7518310546875 772.1015625 769.7581787109375 768.22174072265625 766.8770751953125 766.12872314453125 765.0504150390625 762.5487060546875 760.946533203125 759.95660400390625 758.889892578125 758.2486572265625 756.22344970703125 754.32489013671875 752.10394287109375 749.8033447265625 747.5452880859375 744.83453369140625 741.695556640625 738.1400146484375 734.755859375 730.25726318359375 726.56378173828125 722.632568359375 718.323974609375 714.87957763671875 711.80322265625 707.9398193359375 703.9932861328125 700.7559814453125 697.94580078125 693.65692138671875
