InputData/KvamCaseStudy/dem.asc
ncols        91
nrows        135
xllcorner    218505.000000000000
yllcorner    6850365.000000000000
cellsize     10.000000000000
NODATA_value  -9999
[rows 80 to 99 of 135, columns 44 to 87 of 91]
604.509521484375 598.1614990234375 593.58697509765625 586.867431640625 580.350830078125 574.93963623046875 569.2647705078125 565.04620361328125 559.3358154296875 553.4820556640625 548.1357421875 542.24163818359375 535.972412109375 529.6961669921875 524.25469970703125 518.0728759765625 510.913604736328125 504.82635498046875 499.325103759765625 495.62225341796875 490.34124755859375 486.153045654296875 481.4173583984375 477.43902587890625 474.9642333984375 472.034759521484375 470.50836181640625 467.6402587890625 463.635772705078125 458.4029541015625 453.898773193359375 451.8045654296875 449.446563720703125 446.26605224609375 439.046539306640625 431.63507080078125 431.26666259765625 429.026275634765625 427.300537109375 425.671051025390625 423.616455078125 417.71868896484375 416.0498046875 415.785247802734375
601.62371826171875 597.0181884765625 590.29254150390625 584.7996826171875 579.26251220703125 573.9827880859375 568.94122314453125 563.0673828125 556.3197021484375 550.150390625 544.95947265625 539.333984375 534.1591796875 528.617431640625 523.39129638671875 517.1263427734375 511.03155517578125 504.998046875 498.906646728515625 493.12481689453125 486.452178955078125 481.58380126953125 478.63323974609375 475.80389404296875 472.163482666015625 468.87786865234375 465.50152587890625 463.356597900390625 461.4229736328125 456.76507568359375 453.25091552734375 450.1124267578125 446.33660888671875 441.3463134765625 435.8697509765625 429.1724853515625 428.67181396484375 427.974639892578125 427.76690673828125 425.299163818359375 424.33514404296875 416.30242919921875 415.55841064453125 415.6092529296875
595.90570068359375 593.43890380859375 591.3450927734375 586.5782470703125 580.44384765625 574.253662109375 567.4893798828125 561.848388671875 555.4864501953125 549.62506103515625 543.892333984375 537.742431640625 531.59039306640625 524.440185546875 519.93212890625 514.049072265625 508.984039306640625 504.2384033203125 499.542724609375 494.39422607421875 487.8646240234375 483.071624755859375 478.5780029296875 474.566802978515625 469.853668212890625 466.21820068359375 464.69183349609375 463.226348876953125 459.426055908203125 456.6593017578125 452.794464111328125 448.383941650390625 443.075592041015625 437.30279541015625 431.6690673828125 427.92913818359375 426.52117919921875 425.68035888671875 425.670257568359375 424.71771240234375 423.16058349609375 415.97906494140625 415.522613525390625 414.6522216796875
595.024169921875 588.83477783203125 584.47314453125 581.3863525390625 577.5826416015625 574.3897705078125 570.805419921875 565.1141357421875 558.5689697265625 552.03955078125 544.769775390625 537.958984375 531.3468017578125 525.85693359375 519.78448486328125 513.92669677734375 507.572021484375 502.162017822265625 496.53155517578125 491.323211669921875 488.112762451171875 484.085693359375 479.777191162109375 475.1549072265625 471.12652587890625 467.49908447265625 463.835357666015625 463.601104736328125 458.91693115234375 456.6787109375 453.928436279296875 449.529998779296875 445.11309814453125 438.493133544921875 431.6181640625 427.52630615234375 425.271026611328125 424.9749755859375 424.60400390625 423.62078857421875 422.26910400390625 416.260498046875 414.895111083984375 413.242706298828125
596.0902099609375 590.47894287109375 584.4971923828125 576.957275390625 570.97430419921875 568.39752197265625 564.70159912109375 560.8193359375 556.90655517578125 551.51025390625 544.18609619140625 536.847412109375 530.62591552734375 524.19451904296875 518.158935546875 512.9029541015625 507.525146484375 501.537261962890625 495.237030029296875 488.99365234375 483.0634765625 480.26263427734375 477.86627197265625 474.748199462890625 471.8236083984375 466.43841552734375 464.333526611328125 460.235198974609375 457.112823486328125 454.332183837890625 452.530029296875 448.704437255859375 444.570770263671875 438.136932373046875 430.9146728515625 425.802337646484375 423.7686767578125 422.60809326171875 422.344696044921875 421.0208740234375 420.875732421875 416.4957275390625 412.77899169921875 411.879974365234375
594.57781982421875 588.8814697265625 583.548583984375 577.72857666015625 571.566650390625 564.8616943359375 556.5816650390625 554.19873046875 549.6624755859375 547.70458984375 541.84393310546875 536.30181884765625 530.54345703125 524.6416015625 518.387939453125 512.89642333984375 506.7647705078125 500.48388671875 494.03155517578125 488.0145263671875 481.9559326171875 477.384918212890625 473.773162841796875 470.73333740234375 468.8333740234375 465.5377197265625 462.0933837890625 457.81793212890625 454.86181640625 452.5072021484375 449.812835693359375 444.379486083984375 438.7803955078125 433.69342041015625 429.3914794921875 424.719268798828125 422.619842529296875 421.08831787109375 420.93060302734375 420.5919189453125 419.220703125 415.443359375 410.819244384765625 410.488311767578125
591.908203125 586.7606201171875 580.39178466796875 574.339599609375 568.6591796875 563.30133056640625 558.47607421875 554.7491455078125 549.06011962890625 544.54931640625 536.90582275390625 531.12872314453125 527.22930908203125 522.83282470703125 517.5919189453125 512.244873046875 505.407623291015625 499.07049560546875 492.925933837890625 486.921051025390625 481.621795654296875 476.7283935546875 472.2418212890625 468.66424560546875 466.5213623046875 463.8218994140625 460.8795166015625 456.705810546875 453.544647216796875 450.42559814453125 448.5426025390625 446.126983642578125 440.188995361328125 434.04718017578125 427.702484130859375 423.9219970703125 422.228912353515625 420.5491943359375 419.726837158203125 418.897247314453125 418.733612060546875 413.679229736328125 408.79779052734375 408.565216064453125
595.11181640625 589.8575439453125 584.462646484375 577.2432861328125 572.0357666015625 565.814697265625 560.1512451171875 554.693115234375 550.5538330078125 544.98095703125 537.85528564453125 531.0491943359375 524.77783203125 517.41082763671875 512.7900390625 507.6011962890625 502.981964111328125 497.348876953125 491.62957763671875 485.697021484375 480.383209228515625 475.80218505859375 470.311737060546875 467.389923095703125 463.470184326171875 460.962493896484375 458.60003662109375 455.46746826171875 452.294586181640625 448.585693359375 446.83782958984375 444.860870361328125 440.00677490234375 433.79241943359375 427.136993408203125 422.452789306640625 421.178924560546875 419.774261474609375 419.245819091796875 418.928375244140625 417.2266845703125 410.132110595703125 407.307952880859375 406.9034423828125
593.3089599609375 589.36077880859375 584.9722900390625 579.24029541015625 573.8709716796875 567.65325927734375 561.12890625 554.9844970703125 549.96533203125 543.970703125 537.8343505859375 530.7435302734375 524.937255859375 518.129150390625 511.4486083984375 505.28143310546875 499.2657470703125 492.409759521484375 489.821136474609375 483.3359375 478.0958251953125 473.4593505859375 468.299346923828125 465.58319091796875 461.54498291015625 459.177093505859375 457.39593505859375 454.187042236328125 451.21612548828125 448.335540771484375 445.992218017578125 443.73382568359375 440.134552001953125 434.79241943359375 427.207244873046875 421.205108642578125 419.7320556640625 418.55499267578125 417.98419189453125 416.1507568359375 409.913238525390625 407.82867431640625 405.94873046875 406.068084716796875
591.40594482421875 585.4779052734375 580.31829833984375 575.693359375 569.8585205078125 563.79559326171875 558.393798828125 553.29827880859375 548.17340087890625 542.92913818359375 535.73431396484375 530.4293212890625 523.98876953125 516.7403564453125 511.044769287109375 505.27679443359375 498.74127197265625 491.79888916015625 485.631256103515625 477.8221435546875 473.222930908203125 470.0633544921875 467.00518798828125 461.538177490234375 459.79071044921875 457.866912841796875 454.88494873046875 452.884521484375 450.58392333984375 448.167449951171875 445.594390869140625 443.185577392578125 437.03515625 430.7315673828125 425.501434326171875 419.703857421875 418.393585205078125 417.23712158203125 414.852386474609375 409.25286865234375 407.951385498046875 405.263336181640625 405.158477783203125 406.178863525390625
586.6473388671875 584.2020263671875 579.4366455078125 573.495849609375 567.5936279296875 562.927490234375 558.10821533203125 552.76800537109375 548.26361083984375 542.7822265625 537.26806640625 531.1619873046875 523.708740234375 517.61083984375 510.7886962890625 504.68096923828125 498.28875732421875 491.76971435546875 485.59112548828125 479.8255615234375 475.197784423828125 470.473236083984375 465.26641845703125 460.318572998046875 455.260009765625 452.7373046875 451.19757080078125 450.34759521484375 449.18524169921875 446.343170166015625 444.336700439453125 442.64599609375 437.166229248046875 428.789764404296875 422.151611328125 418.5390625 416.27685546875 411.8653564453125 407.0716552734375 407.0447998046875 404.5797119140625 404.74755859375 405.24835205078125 408.824310302734375
581.26556396484375 576.8876953125 574.44586181640625 573.1258544921875 570.8182373046875 565.30926513671875 559.55810546875 554.53741455078125 549.211669921875 543.73394775390625 538.87017822265625 532.526611328125 525.182861328125 518.05682373046875 511.40228271484375 505.03155517578125 499.18963623046875 492.63897705078125 486.7435302734375 482.066619873046875 476.42120361328125 470.07861328125 466.20416259765625 461.65948486328125 456.960968017578125 453.22113037109375 446.114166259765625 444.8892822265625 443.177703857421875 441.93853759765625 441.4635009765625 440.8150634765625 436.826202392578125 428.79931640625 421.656463623046875 416.46624755859375 411.980072021484375 406.33758544921875 405.507293701171875 403.633697509765625 403.6002197265625 405.048797607421875 408.64739990234375 409.662750244140625
585.0323486328125 578.0714111328125 572.18450927734375 565.69610595703125 563.19970703125 561.8565673828125 557.79150390625 552.403076171875 546.23651123046875 541.95953369140625 537.1683349609375 531.8525390625 526.5677490234375 520.45623779296875 512.03271484375 505.2484130859375 498.86016845703125 492.817718505859375 486.866668701171875 481.616943359375 476.62396240234375 471.27606201171875 466.7408447265625 462.26019287109375 457.509063720703125 453.353668212890625 450.671295166015625 443.7008056640625 437.8265380859375 435.015838623046875 433.272857666015625 431.976959228515625 429.88916015625 424.079559326171875 416.777923583984375 410.315673828125 405.14739990234375 403.816925048828125 402.32916259765625 402.558135986328125 404.67779541015625 408.33856201171875 409.340911865234375 409.515655517578125
586.91204833984375 581.38824462890625 573.6732177734375 566.940185546875 561.7362060546875 554.9830322265625 554.2269287109375 550.16845703125 544.4891357421875 538.67181396484375 533.82879638671875 529.423095703125 525.2047119140625 520.35430908203125 513.376708984375 506.365142822265625 499.39447021484375 493.426971435546875 487.400238037109375 481.021331787109375 475.788299560546875 470.967864990234375 467.10565185546875 462.0703125 457.05035400390625 452.297821044921875 449.287750244140625 446.184814453125 440.61993408203125 435.001190185546875 429.77264404296875 424.875885009765625 425.04498291015625 418.933319091796875 413.008575439453125 406.010284423828125 403.490447998046875 401.79266357421875 401.9481201171875 404.3863525390625 405.80267333984375 406.066162109375 406.953155517578125 406.926971435546875
583.765625 577.8746337890625 571.92755126953125 565.246826171875 560.4622802734375 555.9271240234375 550.10003662109375 546.34722900390625 541.0755615234375 534.7237548828125 529.0201416015625 524.1060791015625 519.74945068359375 516.71875 511.071929931640625 504.174560546875 498.3538818359375 491.347442626953125 485.756500244140625 480.72821044921875 475.545318603515625 471.33526611328125 466.9630126953125 461.229248046875 456.78839111328125 451.723907470703125 448.24285888671875 445.180084228515625 442.20233154296875 438.81439208984375 432.92047119140625 427.42449951171875 422.131011962890625 414.51531982421875 408.44024658203125 403.844879150390625 402.484130859375 400.71051025390625 403.180023193359375 405.654083251953125 405.846405029296875 405.850738525390625 406.201324462890625 407.38250732421875
576.8544921875 572.66778564453125 568.51495361328125 563.9725341796875 559.1336669921875 554.37506103515625 549.30029296875 544.79248046875 536.4134521484375 531.75506591796875 525.54669189453125 519.426025390625 514.49462890625 510.613189697265625 505.8687744140625 500.148681640625 494.276092529296875 489.36962890625 484.6558837890625 480.069671630859375 475.45208740234375 471.26318359375 465.910552978515625 460.090087890625 455.27349853515625 451.129150390625 447.387420654296875 444.0775146484375 441.60565185546875 439.531494140625 437.8231201171875 431.81658935546875 424.795623779296875 415.27362060546875 407.50518798828125 403.54840087890625 400.4627685546875 401.30267333984375 405.510894775390625 405.760467529296875 405.61407470703125 405.85650634765625 406.593017578125 407.27655029296875
576.57537841796875 572.66473388671875 567.88275146484375 562.30133056640625 556.9837646484375 549.85784912109375 545.99114990234375 537.3388671875 531.2691650390625 526.4896240234375 526.373291015625 515.62945556640625 509.80267333984375 505.04248046875 499.99981689453125 496.0531005859375 491.3790283203125 486.362060546875 482.497528076171875 479.3016357421875 474.490142822265625 469.451568603515625 465.009979248046875 459.801971435546875 455.22039794921875 450.4139404296875 446.561737060546875 442.883758544921875 440.5799560546875 438.833099365234375 436.92816162109375 432.838165283203125 424.04278564453125 415.437255859375 408.055450439453125 402.93170166015625 400.051116943359375 401.49462890625 405.16937255859375 405.623016357421875 405.350372314453125 405.67535400390625 406.380157470703125 406.7939453125
581.230712890625 575.83868408203125 569.6744384765625 562.50048828125 557.8018798828125 552.25341796875 546.91815185546875 541.3621826171875 533.93994140625 528.971435546875 521.1939697265625 514.11639404296875 507.8970947265625 500.7958984375 495.3431396484375 490.20849609375 486.22332763671875 482.644927978515625 478.12725830078125 475.08612060546875 473.186614990234375 468.91070556640625 464.951385498046875 459.516357421875 454.83599853515625 450.2132568359375 446.093505859375 442.49761962890625 439.7587890625 437.822052001953125 436.2047119140625 433.565948486328125 424.880401611328125 417.3343505859375 407.079620361328125 402.241455078125 399.624267578125 401.627288818359375 404.758544921875 405.2025146484375 405.17584228515625 405.37371826171875 406.209197998046875 406.318603515625
579.971923828125 574.7518310546875 568.47210693359375 562.454345703125 556.98944091796875 550.6468505859375 545.67095947265625 539.5545654296875 533.8177490234375 527.72650146484375 520.42181396484375 514.36505126953125 508.84991455078125 503.9798583984375 498.142791748046875 492.41583251953125 486.499542236328125 480.018829345703125 474.14190673828125 469.00677490234375 467.99652099609375 466.326080322265625 464.753021240234375 459.384246826171875 455.196533203125 450.36712646484375 446.2239990234375 442.251373291015625 439.2188720703125 436.798583984375 435.314361572265625 432.48883056640625 426.059661865234375 418.27374267578125 405.5228271484375 401.58099365234375 399.28521728515625 401.5845947265625 404.480438232421875 404.550323486328125 404.53387451171875 405.44921875 405.908416748046875 405.23297119140625
576.49468994140625 571.4844970703125 565.4976806640625 560.4365234375 554.574462890625 549.2674560546875 543.9678955078125 538.50921630859375 531.8778076171875 524.4263916015625 518.5321044921875 512.85400390625 508.006866455078125 502.911285400390625 497.22418212890625 490.996551513671875 485.284515380859375 479.6004638671875 473.946746826171875 468.880859375 462.54071044921875 461.919921875 463.00738525390625 459.0084228515625 454.679412841796875 449.99652099609375 446.203125 442.3853759765625 439.137359619140625 436.261260986328125 434.6212158203125 429.778961181640625 423.432952880859375 415.396087646484375 404.283966064453125 401.079681396484375 398.91900634765625 401.491424560546875 404.153839111328125 404.3116455078125 404.41693115234375 404.675384521484375 405.18939208984375 404.585052490234375
