InputData/KvamCaseStudy/slope.asc
ncols        91
nrows        135
xllcorner    218505.000000000000
yllcorner    6850365.000000000000
cellsize     10.000000000000
NODATA_value  -9999
[rows 36 to 53 of 135, columns 0 to 39 of 91]
19.457324981689453125 22.691843032836914063 25.559640884399414063 22.210248947143554688 16.0550079345703125 12.915861129760742188 9.43407440185546875 9.1692657470703125 11.247560501098632813 13.212871551513671875 13.788599967956542969 14.111265182495117188 14.18946075439453125 14.566583633422851563 16.008550643920898438 16.712728500366210938 19.476034164428710938 24.026601791381835938 18.044961929321289063 6.9293680191040039063 5.7802500724792480469 9.7356519699096679688 11.08966064453125 10.457798957824707031 13.801934242248535156 14.791476249694824219 13.714081764221191406 14.210124015808105469 13.704621315002441406 13.1719970703125 13.169562339782714844 12.058995246887207031 11.972227096557617188 12.036765098571777344 16.671529769897460938 23.239681243896484375 25.663623809814453125 26.502933502197265625 24.26728057861328125 21.61185455322265625
21.817508697509765625 25.571674346923828125 25.415700912475585938 20.74909210205078125 15.741669654846191406 12.812099456787109375 10.574748039245605469 10.945042610168457031 11.775238037109375 12.546576499938964844 13.19189453125 13.123369216918945313 12.373198509216308594 11.724910736083984375 13.360850334167480469 15.777971267700195313 19.71181488037109375 26.775239944458007813 21.0728607177734375 6.8639740943908691406 5.5067577362060546875 8.74127197265625 8.8973827362060546875 12.643296241760253906 16.204837799072265625 13.925489425659179688 13.325366020202636719 14.143242835998535156 13.207989692687988281 12.464592933654785156 14.171909332275390625 14.513013839721679688 15.096455574035644531 16.529296875 19.368824005126953125 21.95368194580078125 23.42380523681640625 25.46743011474609375 24.302896499633789063 20.904163360595703125
24.227771759033203125 26.646846771240234375 24.09758758544921875 21.31909942626953125 17.058252334594726563 14.145580291748046875 13.757300376892089844 12.245115280151367188 10.632361412048339844 11.874071121215820313 12.777002334594726563 12.604051589965820313 12.211536407470703125 11.032967567443847656 12.475229263305664063 16.7177734375 21.804058074951171875 27.685520172119140625 21.371667861938476563 7.3739910125732421875 5.75823211669921875 6.5878782272338867188 7.8953509330749511719 15.567018508911132813 17.52616119384765625 13.596651077270507813 13.900080680847167969 14.422525405883789063 13.470184326171875 13.674480438232421875 16.492918014526367188 18.321201324462890625 17.741834640502929688 16.731037139892578125 17.451930999755859375 18.557117462158203125 19.02365875244140625 21.148090362548828125 23.805255889892578125 23.547519683837890625
24.648199081420898438 25.042345046997070313 22.357805252075195313 21.184329986572265625 17.883031845092773438 14.950507164001464844 15.310643196105957031 13.910864830017089844 10.260931015014648438 12.019116401672363281 14.276149749755859375 12.94669342041015625 11.943632125854492188 11.029449462890625 11.846079826354980469 17.681470870971679688 25.78401947021484375 27.27442169189453125 18.926258087158203125 8.991840362548828125 7.0652189254760742188 8.5325946807861328125 12.391763687133789063 16.90169525146484375 15.59903717041015625 14.253287315368652344 15.212712287902832031 15.733028411865234375 15.735461235046386719 16.184247970581054688 17.819097518920898438 19.790815353393554688 18.214702606201171875 14.74135589599609375 14.462506294250488281 15.745611190795898438 15.363684654235839844 16.66400146484375 21.284938812255859375 24.524730682373046875
23.009717941284179688 22.027051925659179688 21.54360198974609375 20.0695343017578125 18.065517425537109375 15.98246002197265625 14.517721176147460938 14.038698196411132813 12.174695014953613281 11.533249855041503906 14.677435874938964844 14.883925437927246094 12.259675025939941406 10.987665176391601563 12.40354156494140625 19.175024032592773438 28.90663909912109375 27.551496505737304688 16.00272369384765625 8.5956354141235351563 7.5257196426391601563 10.293687820434570313 13.045516014099121094 13.529662132263183594 13.382580757141113281 15.624699592590332031 16.71883392333984375 16.3488311767578125 15.444736480712890625 14.61003875732421875 16.077417373657226563 18.101911544799804688 16.167505264282226563 12.065904617309570313 11.668291091918945313 13.284829139709472656 12.443726539611816406 13.493280410766601563 20.016080856323242188 25.61693572998046875
20.918695449829101563 19.919620513916015625 20.84899139404296875 19.218572616577148438 17.464998245239257813 16.063241958618164063 14.039800643920898438 13.179944992065429688 14.117785453796386719 11.850361824035644531 12.815677642822265625 15.298404693603515625 13.546242713928222656 12.456937789916992188 16.829874038696289063 24.304433822631835938 29.802776336669921875 25.257944107055664063 12.61133575439453125 8.3664302825927734375 8.7587299346923828125 9.7356815338134765625 10.412092208862304688 10.979350090026855469 12.904362678527832031 15.305291175842285156 16.05072021484375 14.975918769836425781 13.589570999145507813 13.49262237548828125 15.271115303039550781 16.294282913208007813 15.444304466247558594 13.022351264953613281 12.010817527770996094 12.387105941772460938 8.4700231552124023438 6.8941664695739746094 15.102526664733886719 24.141712188720703125
21.711696624755859375 20.94501495361328125 20.824047088623046875 18.56763458251953125 16.933965682983398438 15.638976097106933594 14.282901763916015625 14.05865478515625 14.989739418029785156 13.259210586547851563 12.362683296203613281 12.697220802307128906 13.775147438049316406 15.359460830688476563 22.888624191284179688 28.929523468017578125 26.971767425537109375 19.87030029296875 11.1636199951171875 9.1130895614624023438 9.2626323699951171875 9.4219255447387695313 10.562478065490722656 11.758668899536132813 12.678656578063964844 13.584959030151367188 14.362898826599121094 13.778392791748046875 13.280778884887695313 14.719099998474121094 16.650594711303710938 16.422567367553710938 15.502438545227050781 14.475195884704589844 14.7474517822265625 14.403347969055175781 11.110614776611328125 11.273920059204101563 16.211309432983398438 24.192188262939453125
22.087144851684570313 21.96582794189453125 21.467061996459960938 19.150918960571289063 17.301439285278320313 15.325839042663574219 14.020528793334960938 14.6718292236328125 15.006928443908691406 14.998263359069824219 13.805470466613769531 11.106611251831054688 13.877939224243164063 18.288738250732421875 27.713369369506835938 31.94586181640625 23.217132568359375 14.893748283386230469 10.510085105895996094 8.7473592758178710938 8.6949510574340820313 8.7757253646850585938 9.964237213134765625 11.608814239501953125 11.938920021057128906 12.282379150390625 12.735630035400390625 12.45107269287109375 12.877885818481445313 15.306661605834960938 18.646923065185546875 18.661855697631835938 15.807534217834472656 15.369515419006347656 17.671810150146484375 16.882265090942382813 14.151874542236328125 17.502216339111328125 26.032842636108398438 29.794885635375976563
21.865301132202148438 20.960992813110351563 20.25756072998046875 20.63941192626953125 19.393690109252929688 15.595701217651367188 13.832236289978027344 13.95751190185546875 13.358973503112792969 14.038737297058105469 14.957312583923339844 12.985606193542480469 15.029257774353027344 22.231542587280273438 32.076122283935546875 31.9487152099609375 19.206939697265625 10.795909881591796875 9.3717193603515625 8.92378997802734375 8.4998884201049804688 8.18190765380859375 8.87166595458984375 10.695856094360351563 11.584753990173339844 12.040362358093261719 12.243608474731445313 12.230790138244628906 13.439387321472167969 15.987118721008300781 20.148591995239257813 20.536256790161132813 15.49260711669921875 16.809995651245117188 19.97100830078125 18.478168487548828125 18.122968673706054688 22.282623291015625 27.42238616943359375 27.612438201904296875
21.691102981567382813 21.165014266967773438 20.07212066650390625 21.822299957275390625 20.8001861572265625 15.649756431579589844 14.208173751831054688 13.569487571716308594 12.580903053283691406 12.616327285766601563 12.578484535217285156 13.319540977478027344 16.89807891845703125 27.212488174438476563 35.16495513916015625 28.702123641967773438 15.585407257080078125 9.213077545166015625 8.6651048660278320313 9.4734296798706054688 8.9845647811889648438 8.6332550048828125 9.28343963623046875 10.65042877197265625 11.353466033935546875 11.918413162231445313 12.890321731567382813 14.042866706848144531 14.6573333740234375 15.593824386596679688 19.401662826538085938 20.706691741943359375 15.793432235717773438 18.276311874389648438 20.919406890869140625 19.171550750732421875 21.775316238403320313 25.109804153442382813 25.643329620361328125 22.297328948974609375
22.06818389892578125 21.054759979248046875 20.354724884033203125 21.093023300170898438 19.568502426147460938 15.868615150451660156 14.510860443115234375 12.218182563781738281 11.33640289306640625 11.99797821044921875 10.655335426330566406 10.98281097412109375 17.490512847900390625 32.38179779052734375 37.82965850830078125 25.853862762451171875 12.960521697998046875 8.324008941650390625 8.1064615249633789063 9.2304773330688476563 9.7864360809326171875 9.3450841903686523438 9.80323028564453125 10.921934127807617188 11.376265525817871094 12.094231605529785156 13.801456451416015625 15.376527786254882813 14.982921600341796875 14.678414344787597656 17.042798995971679688 19.257944107055664063 17.824249267578125 20.392848968505859375 20.766155242919921875 19.765899658203125 23.479755401611328125 24.40056610107421875 20.974973678588867188 15.705656051635742188
24.236127853393554688 18.915254592895507813 19.410144805908203125 20.680309295654296875 18.75662994384765625 16.717908859252929688 14.30770111083984375 10.602303504943847656 9.9386749267578125 11.756365776062011719 11.42655181884765625 10.474776268005371094 17.8107147216796875 37.603282928466796875 39.758663177490234375 21.474550247192382813 9.8083696365356445313 7.6673922538757324219 8.0335054397583007813 9.0097627639770507813 10.343831062316894531 9.969829559326171875 10.417483329772949219 11.332640647888183594 11.634369850158691406 12.574404716491699219 14.712580680847167969 16.545299530029296875 15.891416549682617188 14.722701072692871094 15.270849227905273438 16.578538894653320313 19.528827667236328125 22.696849822998046875 19.9339141845703125 20.014867782592773438 24.095708847045898438 22.966150283813476563 18.133436203002929688 14.042141914367675781
26.659137725830078125 17.416200637817382813 18.679594039916992188 19.910470962524414063 19.106203079223632813 18.25035858154296875 12.891742706298828125 10.326902389526367188 12.381905555725097656 13.367807388305664063 12.752093315124511719 13.8166961669921875 23.700099945068359375 41.47370147705078125 37.310482025146484375 14.641316413879394531 8.3734731674194335938 7.4657254219055175781 8.1555566787719726563 9.6123676300048828125 10.8210601806640625 11.034532546997070313 11.741932868957519531 12.153820037841796875 12.184624671936035156 13.255925178527832031 15.436322212219238281 17.493185043334960938 17.045795440673828125 15.542345046997070313 14.98687744140625 14.62923431396484375 19.79978179931640625 24.119365692138671875 20.269769668579101563 20.222654342651367188 22.021581649780273438 18.729467391967773438 15.574189186096191406 14.780691146850585938
28.573278427124023438 21.8533782958984375 20.125049591064453125 18.995786666870117188 19.993377685546875 19.291833877563476563 11.465099334716796875 11.318381309509277344 15.473699569702148438 16.478023529052734375 17.813058853149414063 21.94214630126953125 30.987714767456054688 39.789501190185546875 29.113088607788085938 10.43822479248046875 8.6968355178833007813 7.6288785934448242188 8.523830413818359375 10.603513717651367188 11.589524269104003906 12.141537666320800781 12.898367881774902344 12.963811874389648438 12.81584930419921875 13.784537315368652344 15.579189300537109375 17.467897415161132813 17.157749176025390625 14.652453422546386719 12.84900665283203125 10.788739204406738281 19.223949432373046875 25.606512069702148438 20.168941497802734375 18.686985015869140625 18.5816650390625 15.595693588256835938 13.122350692749023438 13.839282035827636719
29.762624740600585938 26.65860748291015625 22.339429855346679688 19.3604583740234375 19.164028167724609375 17.596971511840820313 11.242762565612792969 11.361455917358398438 14.626488685607910156 17.7467193603515625 19.755193710327148438 24.176267623901367188 30.069253921508789063 31.568075180053710938 20.777835845947265625 10.138639450073242188 8.8780412673950195313 8.554782867431640625 9.448841094970703125 11.491024971008300781 12.392531394958496094 12.934491157531738281 13.378559112548828125 13.514813423156738281 13.643886566162109375 13.537858963012695313 14.319733619689941406 16.723781585693359375 16.879156112670898438 13.27777099609375 10.549007415771484375 7.5659260749816894531 19.736082077026367188 27.31427001953125 18.647893905639648438 16.828571319580078125 17.146104812622070313 15.871478080749511719 15.662289619445800781 17.996431350708007813
30.672666549682617188 29.601421356201171875 22.888708114624023438 17.631387710571289063 16.466543197631835938 15.445066452026367188 12.070438385009765625 12.066266059875488281 14.828547477722167969 20.37812042236328125 23.263896942138671875 23.63466644287109375 24.836618423461914063 22.942531585693359375 17.201021194458007813 11.103936195373535156 8.8845090866088867188 9.4833660125732421875 10.228239059448242188 12.187100410461425781 13.484589576721191406 14.142138481140136719 14.189470291137695313 14.631186485290527344 14.751713752746582031 13.208500862121582031 13.55963897705078125 17.181863784790039063 16.903993606567382813 12.229626655578613281 9.7017774581909179688 9.717998504638671875 22.408123016357421875 26.7928314208984375 17.477029800415039063 16.170230865478515625 17.684078216552734375 18.88082122802734375 20.144306182861328125 21.182828903198242188
29.047361373901367188 30.284502029418945313 21.9212493896484375 14.051583290100097656 14.896866798400878906 14.935888290405273438 11.8724822998046875 12.001491546630859375 15.687966346740722656 21.150690078735351563 26.194126129150390625 24.724407196044921875 20.0637359619140625 17.597442626953125 16.307605743408203125 12.367346763610839844 9.4741125106811523438 10.713416099548339844 11.0635223388671875 12.668856620788574219 14.697609901428222656 15.414019584655761719 15.523533821105957031 15.960434913635253906 14.20340728759765625 11.376498222351074219 13.164526939392089844 18.164031982421875 16.559446334838867188 12.109033584594726563 12.953068733215332031 18.370618820190429688 25.066762924194335938 22.863870620727539063 16.825525283813476563 16.74573516845703125 18.774087905883789063 21.587026596069335938 22.211656570434570313 20.467660903930664063
25.92639923095703125 27.720373153686523438 19.078571319580078125 11.982502937316894531 14.800998687744140625 16.055654525756835938 13.442708969116210938 12.653233528137207031 14.881862640380859375 21.963029861450195313 29.104099273681640625 24.527730941772460938 15.701526641845703125 14.37184906005859375 15.574054718017578125 13.959566116333007813 11.398596763610839844 12.124535560607910156 12.14955902099609375 13.166016578674316406 15.441525459289550781 15.920866966247558594 15.06966400146484375 13.802948951721191406 10.653431892395019531 10.055378913879394531 14.39490509033203125 18.527227401733398438 15.856611251831054688 12.312991142272949219 15.614377975463867188 20.609342575073242188 21.053922653198242188 17.804166793823242188 16.434591293334960938 17.1969757080078125 18.389162063598632813 19.901287078857421875 20.655292510986328125 18.973360061645507813
