InputData/KvamCaseStudy/slope.asc
ncols        91
nrows        135
xllcorner    218505.000000000000
yllcorner    6850365.000000000000
cellsize     10.000000000000
NODATA_value  -9999
[rows 54 to 71 of 135, columns 40 to 79 of 91]
18.176374435424804688 20.824766159057617188 25.4859619140625 26.861841201782226563 25.848674774169921875 25.905216217041015625 26.523412704467773438 27.9446258544921875 29.532598495483398438 29.8320159912109375 29.899580001831054688 30.417858123779296875 30.861825942993164063 34.689914703369140625 36.905994415283203125 33.89768218994140625 34.8716888427734375 33.541675567626953125 31.066976547241210938 34.0098419189453125 36.98516082763671875 37.30643463134765625 34.487636566162109375 35.70965576171875 39.779018402099609375 40.155704498291015625 40.470577239990234375 39.54936981201171875 35.10193634033203125 32.627941131591796875 31.872318267822265625 35.250164031982421875 35.622241973876953125 30.926670074462890625 30.64182281494140625 31.743711471557617188 30.293775558471679688 26.774995803833007813 26.096248626708984375 25.8969573974609375
18.548259735107421875 21.390722274780273438 26.1547393798828125 26.969442367553710938 26.044467926025390625 25.954179763793945313 27.163564682006835938 30.331579208374023438 31.657083511352539063 30.45389556884765625 29.74387359619140625 30.275562286376953125 33.285472869873046875 39.673778533935546875 41.425281524658203125 35.78379058837890625 32.688869476318359375 33.38189697265625 34.4445343017578125 37.840450286865234375 38.590911865234375 35.516544342041015625 34.865814208984375 36.212703704833984375 36.576480865478515625 36.37516021728515625 33.745914459228515625 29.948492050170898438 31.284191131591796875 34.737422943115234375 35.533935546875 38.107120513916015625 34.8221893310546875 27.789201736450195313 26.5236968994140625 27.094940185546875 28.547607421875 26.868251800537109375 24.863918304443359375 28.480375289916992188
17.73661041259765625 20.979993820190429688 25.495141983032226563 26.640592575073242188 26.069019317626953125 25.8682403564453125 27.954038619995117188 30.74959564208984375 30.259227752685546875 28.816102981567382813 32.23543548583984375 35.11229705810546875 40.270481109619140625 44.32694244384765625 40.378513336181640625 35.250003814697265625 32.325469970703125 32.417575836181640625 33.33873748779296875 33.902683258056640625 32.903957366943359375 31.68524169921875 33.267757415771484375 33.872303009033203125 33.344234466552734375 32.907497406005859375 31.492979049682617188 30.096292495727539063 34.95851898193359375 38.09900665283203125 37.008853912353515625 35.64488983154296875 29.22948455810546875 29.009342193603515625 31.955715179443359375 30.4364471435546875 29.20079803466796875 29.2637939453125 28.710971832275390625 30.154470443725585938
18.812486648559570313 21.049478530883789063 24.365261077880859375 26.638462066650390625 26.586315155029296875 27.038530349731445313 29.72556304931640625 31.023223876953125 30.334409713745117188 30.793172836303710938 36.910552978515625 40.17600250244140625 42.515605926513671875 40.35570526123046875 35.065235137939453125 35.40082550048828125 34.1030426025390625 31.937685012817382813 31.500713348388671875 31.362216949462890625 31.418428421020507813 34.692813873291015625 36.487224578857421875 36.843189239501953125 34.811397552490234375 32.351200103759765625 33.9464263916015625 34.360736846923828125 36.345348358154296875 36.98683929443359375 33.858783721923828125 31.804758071899414063 27.872190475463867188 25.865459442138671875 28.921979904174804688 30.664493560791015625 28.664445877075195313 27.858163833618164063 28.731847763061523438 29.157329559326171875
20.952701568603515625 22.125661849975585938 25.099214553833007813 26.19355010986328125 25.9291534423828125 28.618804931640625 31.5345458984375 32.1209716796875 31.661478042602539063 34.853176116943359375 40.421375274658203125 41.7854766845703125 39.479885101318359375 35.73333740234375 35.82636260986328125 34.7615814208984375 31.450277328491210938 29.458662033081054688 28.392885208129882813 30.438966751098632813 33.7884979248046875 36.300106048583984375 34.643390655517578125 35.644016265869140625 35.762836456298828125 35.37363433837890625 36.240947723388671875 34.333858489990234375 33.476779937744140625 32.96596527099609375 31.4190216064453125 30.846052169799804688 28.713705062866210938 25.851835250854492188 25.809019088745117188 24.685026168823242188 23.695499420166015625 27.44168853759765625 30.255092620849609375 30.441877365112304688
21.722797393798828125 23.359086990356445313 25.302005767822265625 25.563550949096679688 25.730951309204101563 29.195783615112304688 31.875762939453125 32.820308685302734375 34.654083251953125 38.973102569580078125 40.596279144287109375 38.43497467041015625 37.547290802001953125 37.747867584228515625 35.045780181884765625 29.450086593627929688 28.0543212890625 28.494205474853515625 28.193811416625976563 31.082471847534179688 33.72830963134765625 35.0203857421875 35.538860321044921875 35.89408111572265625 34.723361968994140625 33.784694671630859375 34.1906280517578125 32.974651336669921875 31.746046066284179688 30.890588760375976563 30.143533706665039063 29.348995208740234375 28.527448654174804688 26.383281707763671875 24.116617202758789063 22.662637710571289063 21.817197799682617188 25.438108444213867188 27.43482208251953125 28.254148483276367188
22.133142471313476563 23.444240570068359375 25.39404296875 26.285978317260742188 26.086519241333007813 29.314361572265625 32.455570220947265625 36.859447479248046875 40.83873748779296875 40.3389739990234375 36.919422149658203125 35.524585723876953125 39.71212005615234375 37.4223785400390625 29.559026718139648438 26.896121978759765625 26.765943527221679688 29.420757293701171875 33.425693511962890625 35.53624725341796875 35.213718414306640625 36.250911712646484375 39.878162384033203125 37.19635009765625 31.57666778564453125 32.123966217041015625 31.41660308837890625 31.400495529174804688 33.9452362060546875 33.794467926025390625 29.443140029907226563 24.545083999633789063 24.976320266723632813 26.657575607299804688 24.525922775268554688 24.176847457885742188 24.084886550903320313 24.237428665161132813 23.08383941650390625 24.302091598510742188
25.033544540405273438 24.810216903686523438 26.893209457397460938 29.26390838623046875 29.128660202026367188 33.006404876708984375 37.364654541015625 41.74155426025390625 41.83007049560546875 36.8549346923828125 34.08310699462890625 34.990142822265625 38.474597930908203125 33.457973480224609375 27.464513778686523438 27.7163848876953125 27.323963165283203125 32.637310028076171875 40.196491241455078125 40.24289703369140625 36.3943328857421875 36.683628082275390625 38.8695068359375 32.508213043212890625 27.472209930419921875 31.8600006103515625 33.52233123779296875 33.596160888671875 33.92961883544921875 32.483551025390625 32.524669647216796875 28.918516159057617188 20.956682205200195313 22.895404815673828125 24.805532455444335938 26.43991851806640625 25.878711700439453125 24.573513031005859375 23.15439605712890625 22.855539321899414063
28.133480072021484375 26.41423797607421875 27.572008132934570313 32.415889739990234375 33.207889556884765625 35.889446258544921875 39.7602386474609375 39.159320831298828125 35.31670379638671875 31.666719436645507813 30.899717330932617188 31.729717254638671875 34.930713653564453125 34.2492523193359375 30.669834136962890625 30.826711654663085938 32.53833770751953125 38.137386322021484375 42.09609222412109375 38.3598175048828125 34.1144866943359375 34.335540771484375 33.98607635498046875 29.853689193725585938 30.557962417602539063 35.219211578369140625 36.473377227783203125 34.6582489013671875 33.7159881591796875 33.6363983154296875 33.087474822998046875 31.4085235595703125 32.6324920654296875 30.034414291381835938 26.283084869384765625 25.862945556640625 26.946760177612304688 26.407438278198242188 25.120409011840820313 22.889024734497070313
30.353668212890625 30.590946197509765625 31.306314468383789063 35.3905487060546875 35.79761505126953125 35.27017974853515625 37.051044464111328125 33.5233001708984375 30.159536361694335938 29.203596115112304688 29.248800277709960938 31.9390411376953125 36.019649505615234375 38.250240325927734375 36.459949493408203125 36.57897186279296875 37.785991668701171875 39.91107177734375 38.543422698974609375 34.09816741943359375 33.064426422119140625 31.825681686401367188 31.335290908813476563 33.94134521484375 37.454418182373046875 37.957424163818359375 36.063663482666015625 35.61745452880859375 36.217617034912109375 34.14780426025390625 32.24480438232421875 29.215555191040039063 28.649768829345703125 31.46160125732421875 31.779462814331054688 30.414178848266601563 29.202930450439453125 27.264848709106445313 25.429868698120117188 23.117366790771484375
32.788818359375 34.1957550048828125 32.876079559326171875 33.71373748779296875 33.222499847412109375 31.876340866088867188 32.73105621337890625 31.3485260009765625 29.761737823486328125 29.68824005126953125 32.892925262451171875 38.296855926513671875 40.74158477783203125 40.79935455322265625 40.081233978271484375 37.6146240234375 35.175266265869140625 35.5786895751953125 33.438030242919921875 31.585300445556640625 32.675403594970703125 32.316387176513671875 34.334041595458984375 38.38677978515625 38.790283203125 36.296680450439453125 36.046962738037109375 37.47539520263671875 33.912509918212890625 27.82764434814453125 26.784820556640625 28.754407882690429688 22.627901077270507813 20.808992385864257813 25.37738037109375 27.529146194458007813 26.917123794555664063 25.563739776611328125 25.837169647216796875 23.822633743286132813
33.55802154541015625 32.8403778076171875 30.59420013427734375 29.764415740966796875 29.274705886840820313 29.767721176147460938 31.535367965698242188 31.817352294921875 30.824903488159179688 34.000904083251953125 38.69970703125 40.86028289794921875 40.973651885986328125 39.4295501708984375 38.31679534912109375 34.959102630615234375 32.38150787353515625 33.842731475830078125 32.972835540771484375 32.57317352294921875 34.1036529541015625 35.106601715087890625 36.8091888427734375 37.565441131591796875 35.044734954833984375 33.412628173828125 34.5054779052734375 32.443187713623046875 28.395786285400390625 25.887498855590820313 22.62757110595703125 23.158935546875 26.300470352172851563 20.910638809204101563 22.97829437255859375 25.419569015502929688 24.914211273193359375 26.61859893798828125 24.450006484985351563 19.665731430053710938
32.272037506103515625 32.52295684814453125 31.311338424682617188 29.560483932495117188 30.16249847412109375 31.52190399169921875 32.90195465087890625 34.141040802001953125 36.10712432861328125 40.11392974853515625 39.268482208251953125 36.995868682861328125 37.62021636962890625 35.08986663818359375 33.406452178955078125 32.8507843017578125 33.11923980712890625 34.75514984130859375 33.510951995849609375 34.028148651123046875 37.25333404541015625 37.884746551513671875 37.833404541015625 36.830455780029296875 32.412502288818359375 29.055103302001953125 30.1379852294921875 30.701490402221679688 30.473543167114257813 27.779026031494140625 23.0756988525390625 24.1617584228515625 24.297161102294921875 22.911108016967773438 25.144992828369140625 21.049345016479492188 20.012495040893554688 22.764368057250976563 23.651685714721679688 23.027500152587890625
30.656240463256835938 33.142971038818359375 32.139934539794921875 29.544366836547851563 30.853792190551757813 32.066104888916015625 34.424427032470703125 38.770427703857421875 40.914821624755859375 39.111476898193359375 34.35182952880859375 33.06110382080078125 34.614307403564453125 32.76523590087890625 32.48482513427734375 33.503814697265625 34.912479400634765625 35.2739715576171875 33.1750335693359375 34.92929840087890625 39.182098388671875 38.15692901611328125 36.09500885009765625 34.42401123046875 30.053762435913085938 26.768611907958984375 24.38238525390625 27.491893768310546875 32.11481475830078125 31.707685470581054688 25.727163314819335938 22.996320724487304688 23.246234893798828125 23.527402877807617188 23.097749710083007813 21.49713897705078125 20.246389389038085938 18.618534088134765625 23.526275634765625 24.6944122314453125
30.679958343505859375 32.9197540283203125 31.369016647338867188 29.537809371948242188 31.050584793090820313 34.23947906494140625 38.692188262939453125 41.8175201416015625 39.221332550048828125 33.152980804443359375 30.109624862670898438 31.489572525024414063 35.053142547607421875 35.474994659423828125 36.061542510986328125 37.251781463623046875 37.0947265625 37.674373626708984375 38.13872528076171875 38.4940948486328125 38.195461273193359375 34.917083740234375 32.113880157470703125 31.277593612670898438 30.4259796142578125 31.119207382202148438 29.058078765869140625 22.705089569091796875 23.637065887451171875 32.179821014404296875 31.455814361572265625 28.104066848754882813 24.308816909790039063 21.82833099365234375 21.339750289916992188 23.333404541015625 22.412403106689453125 18.8921661376953125 23.003002166748046875 27.476442337036132813
31.96920013427734375 32.0865631103515625 30.149698257446289063 31.271905899047851563 34.77208709716796875 37.90814971923828125 39.758453369140625 39.32157135009765625 34.459865570068359375 30.135751724243164063 29.434328079223632813 32.34586334228515625 38.03049468994140625 38.585094451904296875 37.07810211181640625 39.82840728759765625 40.3386993408203125 40.18135833740234375 39.347774505615234375 34.972774505615234375 31.603961944580078125 32.20795440673828125 33.505031585693359375 31.723569869995117188 30.47260284423828125 30.18741607666015625 28.739183425903320313 27.299772262573242188 20.940362930297851563 22.775568008422851563 29.924154281616210938 29.46477508544921875 28.183584213256835938 25.690809249877929688 22.2915496826171875 23.099361419677734375 22.20607757568359375 24.218862533569335938 27.736051559448242188 24.165597915649414063
31.646465301513671875 30.856332778930664063 31.239643096923828125 35.224590301513671875 38.7967071533203125 38.584255218505859375 37.115489959716796875 34.586940765380859375 31.039033889770507813 30.3571929931640625 32.301868438720703125 36.300815582275390625 38.849151611328125 37.590778350830078125 35.67900848388671875 38.409664154052734375 37.68938446044921875 33.90847015380859375 32.2877197265625 29.582063674926757813 29.045789718627929688 32.73187255859375 33.447193145751953125 28.823102951049804688 29.537191390991210938 31.905454635620117188 31.69422149658203125 27.249906539916992188 28.171064376831054688 23.149524688720703125 24.978199005126953125 28.324451446533203125 27.000637054443359375 24.88944244384765625 22.727142333984375 23.772800445556640625 24.959842681884765625 26.08283233642578125 24.055932998657226563 20.573444366455078125
32.965419769287109375 32.82403564453125 34.948055267333984375 37.899402618408203125 37.92214202880859375 35.386432647705078125 32.851810455322265625 31.074878692626953125 32.0200042724609375 34.316867828369140625 36.67781829833984375 38.946903228759765625 38.470226287841796875 36.4556732177734375 34.74076080322265625 34.677967071533203125 34.380718231201171875 31.35930633544921875 29.633983612060546875 29.715145111083984375 30.790872573852539063 32.35826873779296875 31.53173065185546875 29.810712814331054688 32.488590240478515625 32.814838409423828125 30.490322113037109375 26.917356491088867188 22.621227264404296875 26.529775619506835938 22.538656234741210938 27.402894973754882813 26.849981307983398438 26.4949951171875 24.209383010864257813 22.341882705688476563 24.113821029663085938 23.2325592041015625 25.69124603271484375 27.554218292236328125
