InputData/KvamCaseStudy/slope.asc
ncols 	 91 
nrows 	 135 
xllcorner 	 218505.00 
yllcorner 	 6850365.00 
cellsize 	 10.0 
NODATA_value 	 -9999 
[rows 68 to 101 of 135, columns 0 to 76 of 91]
17.51 19.38 20.97 34.49 36.56 21.74 13.93 10.86 11.83 11.26 9.54 9.33 8.86 9.53 11.86 15.66 14.99 12.47 11.47 12.03 13.32 14.08 12.59 17.12 22.56 25.11 25.29 24.27 24.12 25.01 24.15 21.35 19.79 22.10 25.85 28.52 28.43 27.81 29.42 29.42 30.68 32.92 31.37 29.54 31.05 34.24 38.69 41.82 39.22 33.15 30.11 31.49 35.05 35.47 36.06 37.25 37.09 37.67 38.14 38.49 38.20 34.92 32.11 31.28 30.43 31.12 29.06 22.71 23.64 32.18 31.46 28.10 24.31 21.83 21.34 23.33 22.41
17.32 19.30 23.98 38.78 36.13 16.67 12.51 12.99 13.59 10.45 8.30 8.47 7.46 7.11 8.08 13.37 16.03 13.22 12.61 13.84 11.44 9.67 9.70 16.61 23.61 25.06 25.77 25.06 24.49 24.49 23.18 19.44 18.72 23.66 29.38 30.67 28.04 26.48 28.01 29.63 31.97 32.09 30.15 31.27 34.77 37.91 39.76 39.32 34.46 30.14 29.43 32.35 38.03 38.59 37.08 39.83 40.34 40.18 39.35 34.97 31.60 32.21 33.51 31.72 30.47 30.19 28.74 27.30 20.94 22.78 29.92 29.46 28.18 25.69 22.29 23.10 22.21
18.26 19.41 31.71 40.85 30.45 13.14 10.59 12.66 11.95 7.69 7.41 7.25 6.03 5.34 4.23 10.76 17.06 14.71 15.09 17.73 13.70 8.88 9.91 17.40 24.45 25.45 26.01 25.22 23.81 22.55 21.21 19.28 21.28 27.78 32.02 29.81 25.80 25.54 27.44 30.22 31.65 30.86 31.24 35.22 38.80 38.58 37.12 34.59 31.04 30.36 32.30 36.30 38.85 37.59 35.68 38.41 37.69 33.91 32.29 29.58 29.05 32.73 33.45 28.82 29.54 31.91 31.69 27.25 28.17 23.15 24.98 28.32 27.00 24.89 22.73 23.77 24.96
19.69 21.64 37.18 38.38 20.57 13.56 10.47 11.96 10.05 6.66 8.37 7.66 6.43 4.57 2.72 7.34 14.93 15.50 17.50 21.27 16.66 9.08 10.73 17.67 24.33 25.60 25.69 24.59 22.87 21.32 20.57 21.00 24.19 29.02 28.55 23.84 23.65 25.15 26.66 30.98 32.97 32.82 34.95 37.90 37.92 35.39 32.85 31.07 32.02 34.32 36.68 38.95 38.47 36.46 34.74 34.68 34.38 31.36 29.63 29.72 30.79 32.36 31.53 29.81 32.49 32.81 30.49 26.92 22.62 26.53 22.54 27.40 26.85 26.49 24.21 22.34 24.11
22.38 28.83 38.92 32.45 15.30 13.95 11.73 12.24 8.34 6.81 10.64 7.90 5.95 4.49 4.11 6.36 11.17 15.34 18.51 22.18 19.98 10.59 10.12 17.06 23.41 24.64 25.00 23.76 22.60 22.41 23.05 24.67 26.52 28.47 25.79 22.76 27.35 28.66 29.60 35.23 37.49 37.12 37.42 36.53 34.09 32.41 31.64 31.70 34.02 35.53 36.44 38.01 37.75 35.88 34.56 33.70 33.06 32.06 31.39 31.91 32.94 33.00 32.66 33.22 32.10 29.42 29.32 29.61 24.61 23.96 23.36 22.92 25.47 25.44 24.61 23.13 23.86
28.03 35.35 35.20 24.51 15.31 12.07 13.95 12.85 6.13 8.94 13.38 9.04 6.87 6.16 5.36 6.33 8.73 13.62 17.58 21.31 22.50 15.50 9.78 16.14 22.49 23.46 23.92 22.90 22.86 24.01 25.38 26.52 26.80 28.94 29.71 30.07 32.93 32.95 34.50 38.39 37.71 35.31 33.35 31.93 32.57 33.38 35.01 35.83 32.13 30.33 34.59 37.60 37.56 34.40 33.90 34.87 33.52 32.89 33.25 33.14 34.18 33.74 32.25 31.38 28.92 28.74 31.42 31.55 27.33 20.41 23.82 24.31 26.70 25.46 25.49 24.80 23.42
30.94 32.27 25.21 19.34 15.28 12.91 15.99 10.22 4.50 13.39 15.27 10.09 8.06 7.32 6.36 5.90 8.00 11.29 15.14 18.87 22.04 20.16 13.99 16.64 22.26 22.44 22.79 22.65 23.36 25.68 27.45 26.06 24.43 28.13 32.72 33.30 33.19 33.44 35.60 36.40 33.19 30.32 29.21 33.14 35.83 35.29 37.64 39.51 34.67 28.93 31.57 36.89 38.12 36.18 34.59 33.40 30.95 32.25 35.57 34.65 33.25 32.26 30.76 30.32 29.27 30.41 31.20 30.13 26.46 20.17 23.34 28.98 27.35 23.31 23.78 24.04 21.48
26.56 24.04 20.33 19.52 15.93 15.48 14.25 6.58 7.63 17.81 15.25 10.00 9.56 10.14 9.33 6.12 8.78 11.28 13.91 17.08 19.74 20.42 16.70 18.53 22.70 21.84 22.50 23.35 24.64 28.36 30.83 28.29 27.46 31.90 36.27 33.41 29.69 32.09 34.19 32.83 30.42 29.23 30.78 38.33 38.15 34.97 37.30 40.08 37.85 36.35 35.07 34.83 36.14 35.36 34.80 34.82 32.03 31.17 35.17 31.92 29.47 32.63 32.82 32.03 30.56 30.21 29.06 26.87 24.57 20.19 17.59 17.77 21.52 26.71 29.63 27.93 20.73
21.95 18.62 20.83 20.62 16.56 16.25 12.12 10.27 15.33 18.21 12.85 9.05 11.28 14.28 15.62 13.72 11.93 12.39 14.00 16.61 18.95 19.73 17.02 19.28 22.57 22.55 23.51 25.53 28.89 32.71 33.23 30.23 32.84 37.97 37.81 33.73 31.73 32.33 31.37 30.39 30.31 30.32 33.47 38.97 37.28 34.80 36.67 38.77 37.39 32.39 35.93 38.95 37.87 34.06 31.91 32.79 32.37 32.96 35.56 31.55 28.46 31.45 30.00 27.52 24.70 23.61 25.54 25.53 25.01 23.37 21.78 16.30 17.15 24.41 27.11 28.11 26.61
20.50 17.32 21.64 20.69 16.38 16.86 13.28 14.52 16.42 12.63 10.43 9.98 11.67 14.54 17.66 19.71 17.07 14.00 14.61 15.94 17.06 17.84 17.38 19.07 22.55 24.99 25.99 29.13 32.68 35.14 33.46 33.38 38.73 38.93 33.34 31.27 32.37 30.54 29.15 30.72 31.97 32.79 36.26 37.83 35.06 32.46 32.82 33.80 34.22 32.05 27.99 29.03 32.60 35.17 36.21 33.80 30.00 30.34 32.23 31.50 31.19 30.96 29.91 29.08 25.77 24.44 27.36 28.83 28.71 28.15 27.12 23.20 22.50 24.96 24.63 24.73 20.85
19.86 17.24 19.48 18.91 17.34 17.35 13.29 12.89 11.09 8.09 11.69 13.22 11.99 11.60 12.36 16.36 17.91 16.13 15.44 15.33 14.35 16.04 18.13 19.77 25.02 29.47 30.54 33.13 35.04 36.13 34.39 36.03 37.16 32.37 28.98 31.14 31.82 28.85 29.85 32.54 33.55 32.16 32.71 32.98 30.91 30.27 31.38 31.15 30.98 31.83 31.40 29.83 29.58 30.99 30.44 30.31 33.21 35.00 33.17 31.32 30.61 28.91 27.58 27.15 23.59 21.37 22.44 20.89 19.95 23.11 26.49 26.88 24.41 21.79 20.36 25.48 30.86
19.62 17.20 17.27 18.41 17.77 16.01 11.30 9.95 11.54 12.19 14.42 13.96 11.14 9.64 9.88 12.47 16.93 19.73 20.74 20.16 17.22 18.42 21.68 24.94 31.51 34.71 32.53 31.87 33.18 32.43 31.04 31.35 30.47 29.46 30.33 31.93 31.31 32.32 35.20 35.79 35.11 30.72 27.96 29.46 30.52 31.15 30.89 30.46 29.16 28.94 29.53 29.78 31.30 31.93 31.65 31.83 31.10 29.16 27.92 30.70 33.26 33.75 32.66 32.27 31.29 30.74 31.69 29.83 27.47 25.75 25.22 26.88 25.93 23.25 18.75 16.17 23.63
20.68 17.75 17.05 17.65 14.20 13.06 11.57 11.59 16.44 16.32 13.82 12.71 10.85 10.24 11.23 12.23 14.09 17.16 20.20 21.30 20.61 22.01 25.77 30.84 36.77 36.96 31.67 28.07 29.29 29.60 29.47 28.41 28.49 30.73 31.58 32.16 31.24 31.77 31.42 29.91 31.32 31.20 31.06 29.68 29.88 31.00 30.58 30.95 29.87 29.61 29.54 30.69 32.85 31.67 30.99 31.91 31.90 30.04 28.44 30.63 32.00 31.64 30.01 31.12 31.77 29.86 28.15 25.71 26.93 28.56 27.62 25.24 25.28 25.29 19.47 17.12 22.49
22.28 17.67 15.43 14.77 10.92 12.09 13.66 16.56 20.31 16.18 11.89 12.88 12.15 11.53 11.58 12.04 12.10 12.38 13.84 14.71 15.57 18.33 23.83 30.40 33.69 31.90 28.50 27.71 30.18 32.29 32.31 30.83 30.69 30.92 29.53 29.27 30.39 33.96 33.59 30.43 31.31 31.19 28.74 28.76 29.12 28.37 28.61 30.05 29.84 29.24 29.22 31.32 32.91 31.06 30.87 31.65 32.40 31.41 31.19 32.54 31.00 29.56 28.16 29.80 29.27 24.07 21.21 21.35 22.70 21.91 19.67 19.10 22.08 22.95 20.01 21.46 27.92
23.30 17.59 13.83 13.42 12.49 16.14 16.62 18.43 19.59 13.95 11.03 13.74 13.37 11.63 11.95 13.10 12.90 12.01 12.79 13.45 14.73 17.31 24.20 31.07 31.33 29.98 28.67 27.16 30.32 32.81 32.39 31.65 32.00 32.67 32.63 32.07 30.51 31.52 31.50 31.07 33.82 34.25 29.54 26.16 27.38 27.87 26.95 27.83 28.22 28.27 29.59 31.77 32.59 31.33 31.31 31.57 32.20 30.53 29.97 31.16 29.58 28.59 28.49 29.05 27.48 23.99 21.79 22.17 21.52 17.28 11.34 13.95 18.71 18.33 20.78 23.75 27.91
23.33 17.39 13.32 13.46 14.34 16.29 15.70 17.79 16.61 12.64 12.08 14.46 13.66 11.44 12.90 14.35 13.56 12.54 13.26 14.30 17.43 22.09 28.35 31.63 30.75 31.17 30.66 28.76 29.67 30.09 28.79 28.74 29.28 29.95 30.34 30.16 30.43 31.31 30.28 30.25 31.78 32.21 30.82 29.16 27.97 26.18 28.81 33.12 31.49 26.91 26.85 29.03 30.87 33.13 34.38 33.41 32.14 30.63 29.80 30.08 29.47 29.47 30.50 29.52 25.90 22.47 21.89 21.87 21.96 18.85 12.23 16.66 19.37 15.64 19.49 23.84 28.77
21.39 16.13 12.93 12.82 14.58 16.20 17.76 17.69 13.75 12.43 13.21 13.65 12.54 11.03 12.07 12.60 12.08 12.92 15.01 16.56 19.50 23.87 27.78 28.83 30.01 31.92 30.90 28.11 28.56 29.53 28.10 27.25 26.42 27.51 29.50 29.57 29.19 28.20 28.37 30.01 29.33 28.95 29.65 29.53 29.55 29.24 29.88 31.01 29.23 33.11 36.95 35.39 32.27 32.69 35.03 33.18 31.63 31.42 30.18 29.52 30.49 31.39 31.70 30.63 27.58 24.89 23.78 21.10 21.46 20.61 18.34 21.65 20.60 17.57 21.69 27.33 31.20
19.45 15.39 13.88 13.40 15.61 18.36 19.19 16.02 12.14 12.89 14.22 13.15 12.38 11.68 10.46 10.37 10.77 13.80 17.85 19.48 20.58 22.82 25.77 27.99 31.08 32.37 30.43 27.54 28.30 30.40 30.24 29.83 28.24 25.99 26.72 29.68 30.19 28.71 28.71 29.39 28.48 29.77 30.76 29.74 29.84 30.87 32.21 32.30 30.42 32.04 28.96 26.93 28.46 31.93 35.81 32.46 30.11 30.38 29.62 30.03 31.96 32.57 32.25 31.11 27.17 23.04 23.04 21.59 20.84 20.60 21.54 21.96 18.69 17.34 20.50 26.96 30.25
18.70 14.53 14.26 14.24 15.40 17.98 17.25 13.72 11.02 12.78 14.96 12.13 10.52 10.62 9.74 11.21 11.86 16.26 20.60 20.47 21.03 22.23 24.20 27.82 30.45 30.35 28.43 26.97 28.23 29.94 29.78 29.07 28.91 28.52 27.81 28.64 29.11 27.77 29.13 30.06 28.51 28.46 27.80 27.24 28.09 29.27 31.31 30.90 30.11 30.76 26.47 24.09 24.59 29.70 34.29 31.07 31.11 32.27 31.42 31.99 32.80 32.32 31.74 30.29 27.42 25.36 22.64 19.24 19.49 20.01 21.04 20.68 18.81 17.02 15.71 23.38 29.91
17.12 11.96 13.85 13.89 13.49 15.68 16.12 14.73 12.76 13.90 14.65 9.93 8.33 10.51 11.57 13.64 14.66 19.74 22.65 20.49 21.31 22.87 24.39 27.62 29.90 28.82 25.85 25.39 27.27 28.16 28.52 28.75 29.53 29.10 29.81 32.45 32.90 30.58 28.30 27.77 25.83 25.69 27.93 28.91 27.94 28.06 32.31 32.80 31.78 31.77 29.13 26.55 26.94 31.84 34.27 31.37 31.56 32.19 31.63 32.62 33.66 32.01 30.68 30.74 27.82 27.55 24.06 20.68 20.49 18.26 18.70 19.47 18.97 16.04 13.33 19.82 28.37
14.45 10.48 14.28 14.19 13.26 14.19 15.73 17.18 15.06 13.65 11.91 8.31 8.56 12.56 14.75 15.93 18.74 22.93 22.57 20.52 21.62 23.09 25.30 28.46 28.80 25.58 23.06 25.15 27.80 26.80 27.97 29.94 30.09 29.68 29.52 30.40 32.44 32.94 31.32 30.88 30.00 27.00 27.55 30.40 29.05 27.61 29.33 29.93 30.52 31.74 30.68 28.10 28.20 32.08 33.69 32.41 33.34 33.05 30.65 30.79 33.08 31.13 32.32 34.64 30.27 27.73 25.07 22.60 19.37 15.78 16.89 17.54 16.81 14.87 13.01 19.38 28.12
12.49 10.18 13.57 15.45 14.81 13.85 15.31 17.91 15.49 11.66 9.25 8.17 10.59 15.14 16.91 17.52 21.18 22.87 20.35 19.77 21.68 22.87 24.29 26.46 26.34 24.49 25.25 28.07 28.69 25.40 24.77 29.28 31.63 31.17 30.84 29.77 28.97 27.92 27.59 30.68 32.40 31.48 32.23 33.62 30.94 28.77 29.89 31.83 32.72 31.43 29.74 27.95 27.86 31.08 31.95 31.98 33.82 33.21 31.37 31.68 33.44 31.38 32.30 31.50 24.74 23.20 25.34 24.80 22.00 21.25 19.64 16.13 15.16 15.02 13.60 21.12 31.72
12.30 11.55 13.53 16.37 15.36 13.34 15.10 17.70 14.65 9.82 8.48 9.51 13.65 18.22 19.07 18.60 20.40 20.33 18.62 19.39 22.15 23.61 23.46 24.60 25.67 26.26 29.11 30.85 30.66 30.04 28.87 27.21 26.83 28.85 30.41 31.26 31.87 31.60 30.23 27.10 25.22 24.92 28.46 33.51 32.98 30.08 27.58 26.04 27.06 27.71 27.64 26.87 27.33 29.44 30.88 33.64 34.78 33.39 32.20 31.76 32.88 32.55 31.48 29.55 26.51 24.45 24.99 24.60 20.00 21.63 23.74 23.08 22.42 19.97 15.11 19.92 33.22
14.06 14.03 14.82 16.22 14.73 12.31 14.50 17.61 13.95 8.75 8.39 10.63 15.54 20.29 20.48 18.36 17.95 18.54 18.77 19.81 21.98 22.93 22.83 23.85 25.01 25.31 27.21 27.40 28.23 30.47 30.62 31.67 31.06 29.44 29.68 29.07 28.51 30.44 32.09 28.29 26.85 28.79 29.73 30.68 28.40 26.44 27.57 26.06 23.54 25.43 27.25 27.81 27.90 27.09 28.89 32.87 34.35 34.93 34.27 32.10 32.11 31.87 29.15 27.56 28.82 26.85 24.50 25.69 23.09 22.25 20.28 22.18 29.21 30.36 29.37 29.01 34.36
15.56 14.43 13.63 14.70 13.61 10.57 12.82 17.02 14.29 9.35 9.02 11.20 15.93 20.66 20.80 17.64 16.45 18.16 19.65 20.88 21.46 21.64 22.34 24.59 24.93 24.49 26.95 26.74 28.69 32.50 30.86 30.52 31.34 32.32 33.47 33.22 31.41 28.40 27.63 25.29 24.12 27.38 28.89 31.43 33.45 30.86 28.30 26.70 28.94 29.83 28.15 30.49 30.50 28.76 29.13 29.32 30.08 34.54 35.91 33.41 32.14 31.22 29.57 27.96 28.12 25.83 23.92 25.29 24.24 22.00 23.28 25.07 22.59 23.93 31.69 35.78 36.78
16.08 13.98 11.57 12.90 11.76 9.31 11.84 15.85 14.59 10.49 9.72 11.96 15.87 18.79 19.50 18.79 18.28 19.80 21.20 21.03 20.24 20.88 21.99 25.02 25.17 25.03 27.62 26.89 29.70 32.75 29.28 28.85 28.87 29.89 33.67 35.37 33.38 29.74 29.68 31.23 32.06 32.22 28.98 26.58 29.34 32.62 33.98 29.08 25.94 25.41 26.35 30.54 32.45 32.38 32.09 30.97 29.17 31.64 35.06 34.01 32.65 31.38 30.36 28.73 26.54 24.13 24.77 26.34 25.51 21.53 19.84 24.56 26.54 25.05 23.45 20.07 28.88
16.00 14.22 10.57 11.10 10.76 10.44 12.16 14.51 13.87 11.13 10.85 12.76 15.31 16.66 18.26 20.42 21.42 22.21 21.74 19.32 18.76 21.23 23.08 24.64 24.12 25.31 27.29 25.96 28.81 31.13 29.31 28.66 28.25 26.59 25.92 26.59 24.01 24.39 28.31 31.05 34.12 34.07 33.11 33.52 34.52 34.90 33.61 30.07 27.22 26.02 24.88 30.49 34.80 34.37 34.19 34.31 33.29 33.72 36.14 35.39 33.75 31.73 28.93 27.44 25.21 23.87 26.84 27.49 25.60 22.59 18.77 18.66 19.80 25.29 31.54 29.31 31.17
13.36 13.04 10.31 9.68 10.70 11.71 11.74 12.57 12.90 11.89 12.44 13.64 14.82 16.69 20.13 22.59 23.06 22.39 20.81 18.88 19.30 23.44 26.05 24.61 21.21 21.54 24.76 26.15 28.96 31.86 31.40 30.52 31.58 32.25 31.79 31.55 29.88 27.88 25.75 27.46 31.99 28.85 26.33 27.05 27.65 28.29 28.55 28.40 28.79 29.64 30.64 36.37 37.30 31.12 32.58 35.14 33.81 35.46 36.72 35.09 32.88 29.61 25.71 25.01 24.97 25.27 28.10 27.55 24.99 22.72 19.94 17.27 14.22 14.47 23.91 33.26 38.75
10.75 11.69 11.02 9.97 11.06 12.26 10.94 11.11 12.76 13.63 14.49 14.74 14.94 18.03 22.36 23.04 22.09 20.33 19.88 19.86 20.75 25.86 27.39 22.38 17.29 17.76 21.26 24.03 25.90 28.34 28.44 26.44 26.35 27.65 27.79 27.58 28.58 29.37 30.00 31.87 33.77 31.82 29.47 27.43 25.38 26.06 28.23 28.35 29.45 28.50 30.26 35.25 31.19 24.01 32.88 37.51 32.90 34.46 35.22 34.04 31.99 29.48 26.37 23.94 24.62 25.16 26.66 26.80 24.89 23.11 20.72 17.28 13.14 11.43 16.81 32.09 40.24
9.72 11.27 12.12 12.31 13.02 13.88 11.74 10.56 13.14 15.90 15.89 14.97 13.74 17.16 23.14 22.25 20.26 19.39 19.90 21.02 23.60 28.44 27.19 19.97 15.46 18.14 23.18 26.93 27.83 28.10 29.78 29.57 27.72 26.89 27.64 26.93 26.40 25.37 26.35 29.45 28.96 28.58 28.82 27.65 27.10 28.85 31.72 29.97 29.22 28.86 29.61 33.50 31.08 28.70 34.62 34.77 30.86 29.84 28.02 27.12 27.77 29.65 30.46 28.16 24.40 21.78 24.00 26.33 24.83 23.70 21.25 17.89 13.77 11.49 13.79 29.24 38.84
9.08 11.94 13.16 12.66 12.70 13.31 11.29 9.69 13.04 16.91 15.77 14.82 13.73 16.98 22.91 21.14 19.78 20.80 21.47 23.75 26.94 28.60 24.75 17.79 14.66 18.36 23.69 26.65 26.57 27.21 29.85 29.55 26.84 25.81 28.16 28.45 27.26 25.98 27.18 29.42 27.73 26.91 28.35 28.98 29.32 31.41 32.60 30.54 30.16 29.77 29.56 31.97 32.74 34.34 34.17 30.56 28.84 29.46 29.96 29.04 28.78 29.66 28.80 26.29 26.07 20.65 19.65 25.22 24.44 23.73 21.53 18.92 15.31 11.82 14.81 27.91 36.72
8.24 11.18 13.46 12.24 11.97 13.61 12.68 9.57 12.02 16.10 15.23 14.84 14.71 17.15 19.53 19.37 21.84 22.71 22.16 24.01 24.74 24.47 22.92 18.37 15.27 18.78 23.83 26.32 27.34 28.60 28.64 27.25 26.52 27.55 29.76 29.24 27.23 28.13 30.19 29.35 27.65 27.64 30.12 30.98 31.06 32.40 31.44 30.78 30.79 29.33 29.67 31.88 34.54 35.37 32.51 29.33 28.14 29.27 31.12 31.38 31.22 30.60 28.61 26.82 24.81 24.91 23.08 22.49 23.79 23.47 20.97 18.98 16.30 13.11 19.87 30.73 35.09
9.19 10.87 13.44 13.09 11.92 12.68 13.62 11.31 11.45 15.22 15.78 15.24 15.72 16.80 16.07 19.58 24.59 22.56 20.67 21.92 22.59 23.88 25.07 21.81 17.48 19.25 23.54 25.80 27.61 28.46 26.71 26.41 28.32 31.41 31.88 28.08 26.11 28.68 28.79 26.98 27.81 29.55 31.97 32.29 32.01 30.78 29.23 30.20 29.41 28.47 30.35 32.48 35.50 36.02 31.36 28.88 29.35 29.96 30.68 31.24 31.53 30.04 28.30 28.34 28.30 25.49 28.86 26.52 26.68 26.66 23.53 21.23 19.02 18.73 26.40 30.86 31.59
12.03 12.71 13.78 15.09 13.24 11.74 13.38 11.91 11.40 15.26 17.10 15.91 15.94 16.58 13.97 20.43 25.38 21.32 20.72 21.06 21.75 24.01 26.18 24.32 19.10 18.77 23.42 25.80 27.46 27.99 27.01 28.08 29.72 31.04 29.88 25.87 25.42 28.15 28.03 28.96 28.37 26.82 28.64 29.54 29.51 27.97 28.80 29.82 29.70 31.37 32.49 32.38 35.43 35.57 30.08 28.48 29.50 29.83 29.52 29.83 30.37 28.14 27.23 28.07 29.38 27.18 21.79 27.90 31.27 32.42 31.44 32.06 33.46 34.93 35.16 31.12 32.43
