InputData/KvamCaseStudy/slope.asc
ncols        91
nrows        135
xllcorner    218505.000000000000
yllcorner    6850365.000000000000
cellsize     10.000000000000
NODATA_value  -9999
[rows 54 to 71 of 135, columns 0 to 39 of 91]
19.81369781494140625 21.647378921508789063 16.756956100463867188 13.962441444396972656 15.738743782043457031 16.284582138061523438 14.069483757019042969 13.158452987670898438 16.934854507446289063 26.017854690551757813 30.810483932495117188 23.044725418090820313 13.224226951599121094 13.557743072509765625 15.729086875915527344 15.247900962829589844 14.043221473693847656 13.94875335693359375 13.683324813842773438 13.391279220581054688 14.987745285034179688 14.260409355163574219 11.177411079406738281 11.823281288146972656 11.937252998352050781 12.557721138000488281 16.362735748291015625 17.909099578857421875 15.722707748413085938 13.05876922607421875 15.544088363647460938 19.0204010009765625 18.076864242553710938 16.982511520385742188 17.247156143188476563 17.556383132934570313 17.058588027954101563 17.750911712646484375 19.846576690673828125 19.556703567504882813
19.304996490478515625 19.196012496948242188 17.858051300048828125 18.535900115966796875 18.992038726806640625 16.554327011108398438 14.353345870971679688 14.693064689636230469 20.558610916137695313 29.292078018188476563 29.42177581787109375 19.784669876098632813 12.768299102783203125 14.224004745483398438 16.263561248779296875 15.845332145690917969 14.968616485595703125 14.577554702758789063 13.393602371215820313 12.046414375305175781 12.973116874694824219 10.615350723266601563 7.03116607666015625 10.536711692810058594 14.341032981872558594 16.36994171142578125 17.92699432373046875 17.191961288452148438 15.733281135559082031 14.170812606811523438 15.232471466064453125 18.166696548461914063 19.714799880981445313 19.62863922119140625 18.619703292846679688 18.218759536743164063 18.38344573974609375 20.782627105712890625 22.38457489013671875 20.43286895751953125
22.185911178588867188 19.867368698120117188 19.239740371704101563 21.168910980224609375 20.546190261840820313 17.874357223510742188 18.833404541015625 20.694944381713867188 25.652774810791015625 30.894334793090820313 26.49987030029296875 15.860728263854980469 12.52469635009765625 13.561702728271484375 15.155541419982910156 16.210178375244140625 14.817134857177734375 14.063253402709960938 11.799386024475097656 10.639141082763671875 9.6346960067749023438 7.1917314529418945313 6.0736107826232910156 8.6256494522094726563 14.794764518737792969 19.00147247314453125 18.612827301025390625 17.060657501220703125 16.737026214599609375 15.614119529724121094 15.715658187866210938 17.229673385620117188 20.422267913818359375 22.08838653564453125 19.601850509643554688 17.383581161499023438 18.012851715087890625 20.724744796752929688 21.278438568115234375 18.47507476806640625
21.492916107177734375 17.7237701416015625 18.179224014282226563 20.146862030029296875 19.912721633911132813 17.597900390625 18.63280487060546875 25.155984878540039063 32.5266571044921875 31.357244491577148438 22.441638946533203125 13.769322395324707031 11.005343437194824219 11.478251457214355469 15.033924102783203125 16.214155197143554688 14.218601226806640625 12.849081993103027344 9.9828386306762695313 8.4085474014282226563 6.9178271293640136719 7.6030983924865722656 8.0461483001708984375 9.36038970947265625 14.428537368774414063 19.38845062255859375 19.9901580810546875 18.372539520263671875 17.900362014770507813 17.5936431884765625 17.048570632934570313 15.981487274169921875 19.1690521240234375 23.881649017333984375 20.9138336181640625 16.728702545166015625 17.865329742431640625 21.056566238403320313 21.37194061279296875 18.6687774658203125
22.09024810791015625 20.143951416015625 20.717981338500976563 20.126825332641601563 20.534574508666992188 18.300100326538085938 20.105020523071289063 31.535587310791015625 33.25337982177734375 22.383411407470703125 13.59351348876953125 10.271304130554199219 7.8807158470153808594 10.570242881774902344 15.992327690124511719 16.074407577514648438 13.340937614440917969 10.802193641662597656 9.0169219970703125 5.41989898681640625 3.6251242160797119141 6.3483729362487792969 9.7852582931518554688 11.416173934936523438 13.829499244689941406 19.598436355590820313 24.1689453125 21.43183135986328125 17.932619094848632813 18.409027099609375 16.301382064819335938 12.920734405517578125 17.930145263671875 24.292713165283203125 22.169313430786132813 18.37725067138671875 19.813692092895507813 22.589351654052734375 22.661611557006835938 21.148630142211914063
23.746805191040039063 22.10041046142578125 21.51871490478515625 21.109706878662109375 22.343435287475585938 20.075029373168945313 27.020410537719726563 35.737274169921875 24.831888198852539063 9.9120054244995117188 8.087921142578125 8.7829656600952148438 8.5461931228637695313 12.196280479431152344 16.805253982543945313 17.472436904907226563 13.37508392333984375 8.7605180740356445313 8.068149566650390625 4.1775946617126464844 0.13857345283031463623 3.7272977828979492188 9.2694845199584960938 11.999532699584960938 13.522251129150390625 21.486730575561523438 28.659761428833007813 22.898031234741210938 16.341039657592773438 17.603931427001953125 15.557480812072753906 13.030233383178710938 19.274667739868164063 24.760702133178710938 23.87558746337890625 22.53192901611328125 22.541246414184570313 23.132326126098632813 22.02239990234375 20.615274429321289063
25.77930450439453125 22.430261611938476563 19.856565475463867188 20.345550537109375 23.57126617431640625 24.22948455810546875 31.407648086547851563 31.545505523681640625 14.146218299865722656 6.2142839431762695313 7.0859541893005371094 8.8001422882080078125 10.09412384033203125 12.258887290954589844 15.996342658996582031 17.623949050903320313 11.801844596862792969 5.7959623336791992188 5.4492945671081542969 3.3589615821838378906 2.1659069061279296875 2.9274535179138183594 8.0198764801025390625 10.529444694519042969 12.7796630859375 25.533430099487304688 31.869573593139648438 22.218999862670898438 15.17089080810546875 17.143598556518554688 16.72982025146484375 17.495923995971679688 22.636960983276367188 25.280055999755859375 24.724727630615234375 23.701414108276367188 21.9248046875 20.91634368896484375 20.040586471557617188 20.184019088745117188
26.9979095458984375 22.63593292236328125 19.448886871337890625 19.696262359619140625 21.681674957275390625 23.077497482299804688 27.428571701049804688 22.321086883544921875 8.1682519912719726563 4.4170689582824707031 5.1425471305847167969 7.8078656196594238281 9.2796344757080078125 11.313422203063964844 15.098711967468261719 16.686128616333007813 10.171792984008789063 2.9407100677490234375 2.8854832649230957031 2.2191569805145263672 3.8146538734436035156 3.6949236392974853516 8.6300878524780273438 13.402434349060058594 16.758289337158203125 30.247394561767578125 33.8288726806640625 21.839094161987304688 16.784820556640625 17.569105148315429688 17.087921142578125 18.6981048583984375 21.405771255493164063 21.861114501953125 22.197216033935546875 22.695676803588867188 20.875019073486328125 19.193284988403320313 20.472852706909179688 23.583038330078125
26.555795669555664063 21.667802810668945313 18.16943359375 18.310667037963867188 21.5923919677734375 25.38414764404296875 24.418712615966796875 15.729544639587402344 7.9902691841125488281 5.6236729621887207031 4.5920557975769042969 7.9601030349731445313 9.5311279296875 11.429108619689941406 14.759136199951171875 15.640352249145507813 9.6369380950927734375 2.4775786399841308594 1.7602263689041137695 0.61231827735900878906 3.5038254261016845703 2.3436956405639648438 6.8149499893188476563 18.5326690673828125 25.545534133911132813 33.455272674560546875 32.202388763427734375 21.71327972412109375 19.19864654541015625 16.9772491455078125 16.0973968505859375 18.569561004638671875 19.95093536376953125 20.24187469482421875 21.237104415893554688 22.770328521728515625 22.059206008911132813 21.061960220336914063 22.90641021728515625 26.692979812622070313
26.182056427001953125 19.999414443969726563 17.183437347412109375 17.654748916625976563 22.86904144287109375 30.903924942016601563 25.9904632568359375 13.661894798278808594 10.14498138427734375 7.4855246543884277344 6.6494235992431640625 8.97772979736328125 9.9134473800659179688 11.03766632080078125 14.244957923889160156 14.843072891235351563 9.663700103759765625 3.1340017318725585938 1.8491154909133911133 2.0502519607543945313 4.2185425758361816406 3.9153347015380859375 5.7887907028198242188 23.693269729614257813 33.04416656494140625 31.092672348022460938 26.679414749145507813 22.437761306762695313 19.436822891235351563 15.627291679382324219 16.717975616455078125 19.244701385498046875 19.766366958618164063 21.438573837280273438 24.204294204711914063 25.745882034301757813 24.220912933349609375 24.240360260009765625 26.406362533569335938 28.054101943969726563
25.625888824462890625 19.117305755615234375 18.0421142578125 20.256082534790039063 29.051050186157226563 33.572723388671875 22.860502243041992188 12.980602264404296875 8.6193485260009765625 4.1229805946350097656 5.1069760322570800781 8.0888700485229492188 9.1740674972534179688 10.459171295166015625 13.573931694030761719 15.506565093994140625 10.910741806030273438 5.3193874359130859375 4.8711748123168945313 5.2850260734558105469 6.6934299468994140625 8.1180734634399414063 10.350214958190917969 27.89626312255859375 33.400775909423828125 25.773645401000976563 23.956699371337890625 24.077510833740234375 20.4242706298828125 15.962758064270019531 17.088298797607421875 19.077869415283203125 19.326536178588867188 21.568456649780273438 25.522159576416015625 26.46950531005859375 23.784694671630859375 23.964534759521484375 26.90079498291015625 29.069189071655273438
23.906137466430664063 19.162740707397460938 20.06584930419921875 22.425889968872070313 31.9945068359375 31.670255661010742188 16.487867355346679688 11.675175666809082031 7.0373053550720214844 3.1472952365875244141 6.11647796630859375 7.7499332427978515625 8.9035587310791015625 10.535628318786621094 13.405147552490234375 17.268121719360351563 13.821590423583984375 10.312150955200195313 10.859820365905761719 10.959914207458496094 11.694499969482421875 13.733435630798339844 18.391954421997070313 29.834978103637695313 28.90163421630859375 23.3818359375 24.603429794311523438 24.223697662353515625 22.218500137329101563 19.141420364379882813 18.157991409301757813 19.4505157470703125 19.924558639526367188 21.583723068237304688 26.049310684204101563 26.917043685913085938 24.463525772094726563 25.484729766845703125 28.436491012573242188 31.32131195068359375
21.668853759765625 18.719018936157226563 20.128704071044921875 23.96875 32.974514007568359375 30.205013275146484375 14.653592109680175781 10.350412368774414063 7.6659269332885742188 5.97472381591796875 8.3861932754516601563 9.2034664154052734375 9.3532257080078125 10.628521919250488281 13.63722991943359375 18.3161773681640625 15.684437751770019531 11.884904861450195313 14.134481430053710938 15.741607666015625 16.191251754760742188 17.343248367309570313 21.021526336669921875 26.839895248413085938 24.544139862060546875 24.255971908569335938 25.72658538818359375 24.185527801513671875 23.556791305541992188 22.068517684936523438 20.59832763671875 21.15306854248046875 21.839111328125 23.454301834106445313 27.141633987426757813 27.711008071899414063 26.308347702026367188 27.574842453002929688 30.076446533203125 31.759241104125976563
19.343799591064453125 18.45977783203125 19.940271377563476563 28.70609283447265625 34.597263336181640625 26.762424468994140625 14.864890098571777344 9.424480438232421875 8.6780824661254882813 8.6521978378295898438 9.1923952102661132813 8.9992523193359375 8.5651950836181640625 10.164774894714355469 13.52754974365234375 17.63311004638671875 15.281612396240234375 11.122934341430664063 11.5693206787109375 14.408120155334472656 16.990510940551757813 17.457790374755859375 17.611322402954101563 20.903964996337890625 22.394701004028320313 25.0150909423828125 25.53736114501953125 24.211091995239257813 24.145162582397460938 24.298715591430664063 23.457073211669921875 22.670307159423828125 22.16693115234375 23.2226409912109375 25.922901153564453125 27.75910186767578125 27.93768310546875 28.411169052124023438 30.28217315673828125 30.37847137451171875
17.506471633911132813 19.37519073486328125 20.966663360595703125 34.490108489990234375 36.5626373291015625 21.735708236694335938 13.930377006530761719 10.864385604858398438 11.829173088073730469 11.264765739440917969 9.5430507659912109375 9.3258047103881835938 8.8558444976806640625 9.525836944580078125 11.864140510559082031 15.662659645080566406 14.98563385009765625 12.4663543701171875 11.468945503234863281 12.026434898376464844 13.315667152404785156 14.077077865600585938 12.5875244140625 17.121854782104492188 22.55901336669921875 25.1139373779296875 25.287698745727539063 24.274723052978515625 24.121351242065429688 25.005168914794921875 24.147344589233398438 21.34918212890625 19.793071746826171875 22.099184036254882813 25.851606369018554688 28.518276214599609375 28.42847442626953125 27.80810546875 29.417364120483398438 29.41846466064453125
17.322734832763671875 19.301671981811523438 23.976625442504882813 38.779331207275390625 36.13127899169921875 16.673879623413085938 12.509552955627441406 12.994169235229492188 13.591808319091796875 10.454309463500976563 8.2986059188842773438 8.4663801193237304688 7.4616665840148925781 7.1146793365478515625 8.0825948715209960938 13.365278244018554688 16.025821685791015625 13.22124481201171875 12.605328559875488281 13.840279579162597656 11.4414825439453125 9.67360687255859375 9.7023448944091796875 16.605787277221679688 23.613292694091796875 25.05657958984375 25.7680206298828125 25.063398361206054688 24.491533279418945313 24.490726470947265625 23.175325393676757813 19.44321441650390625 18.720228195190429688 23.661235809326171875 29.383356094360351563 30.673480987548828125 28.039539337158203125 26.484437942504882813 28.014423370361328125 29.632282257080078125
18.261045455932617188 19.412044525146484375 31.71123504638671875 40.850215911865234375 30.45467376708984375 13.142437934875488281 10.594237327575683594 12.655321121215820313 11.950124740600585938 7.6877107620239257813 7.4057688713073730469 7.2472786903381347656 6.0265736579895019531 5.3448772430419921875 4.2290673255920410156 10.756101608276367188 17.056491851806640625 14.710513114929199219 15.087903022766113281 17.7264862060546875 13.696091651916503906 8.881076812744140625 9.9060420989990234375 17.397296905517578125 24.451448440551757813 25.4519500732421875 26.00969696044921875 25.221796035766601563 23.814577102661132813 22.554204940795898438 21.207462310791015625 19.278942108154296875 21.281167984008789063 27.776220321655273438 32.0171966552734375 29.808567047119140625 25.804834365844726563 25.544481277465820313 27.440752029418945313 30.219125747680664063
19.693965911865234375 21.637187957763671875 37.179943084716796875 38.378116607666015625 20.566547393798828125 13.558942794799804688 10.471971511840820313 11.960394859313964844 10.04546356201171875 6.6633906364440917969 8.3746824264526367188 7.6597571372985839844 6.4258756637573242188 4.5656843185424804688 2.7192537784576416016 7.3391909599304199219 14.926385879516601563 15.501861572265625 17.503210067749023438 21.268781661987304688 16.657548904418945313 9.0846109390258789063 10.728907585144042969 17.671419143676757813 24.330310821533203125 25.597063064575195313 25.685705184936523438 24.5889434814453125 22.869726181030273438 21.320316314697265625 20.573171615600585938 20.999097824096679688 24.188625335693359375 29.021501541137695313 28.550420761108398438 23.8438262939453125 23.6540679931640625 25.146739959716796875 26.659112930297851563 30.983001708984375
