InputData/KvamCaseStudy/slope.asc
ncols        91
nrows        135
xllcorner    218505.000000000000
yllcorner    6850365.000000000000
cellsize     10.000000000000
NODATA_value  -9999
[rows 90 to 107 of 135, columns 0 to 39 of 91]
12.301670074462890625 11.553937911987304688 13.533456802368164063 16.37152862548828125 15.364938735961914063 13.34479522705078125 15.099283218383789063 17.695003509521484375 14.650899887084960938 9.8249616622924804688 8.4785823822021484375 9.510585784912109375 13.650809288024902344 18.223339080810546875 19.071001052856445313 18.601825714111328125 20.400144577026367188 20.328128814697265625 18.623956680297851563 19.390230178833007813 22.151300430297851563 23.60614013671875 23.4637298583984375 24.595500946044921875 25.666290283203125 26.255887985229492188 29.114973068237304688 30.847677230834960938 30.6640472412109375 30.044647216796875 28.868682861328125 27.213411331176757813 26.828062057495117188 28.85277557373046875 30.405984878540039063 31.263927459716796875 31.86574554443359375 31.595800399780273438 30.233140945434570313 27.097698211669921875
14.0645904541015625 14.027909278869628906 14.824953079223632813 16.223352432250976563 14.730929374694824219 12.312145233154296875 14.497835159301757813 17.609560012817382813 13.951036453247070313 8.7460298538208007813 8.3851747512817382813 10.63277435302734375 15.5417633056640625 20.290353775024414063 20.475555419921875 18.362829208374023438 17.948675155639648438 18.543561935424804688 18.771785736083984375 19.811923980712890625 21.977426528930664063 22.925569534301757813 22.832876205444335938 23.853824615478515625 25.014129638671875 25.309017181396484375 27.2084808349609375 27.40238189697265625 28.232421875 30.465799331665039063 30.615316390991210938 31.671018600463867188 31.061010360717773438 29.44011688232421875 29.6815185546875 29.074810028076171875 28.507831573486328125 30.444627761840820313 32.09004974365234375 28.291585922241210938
15.564766883850097656 14.428342819213867188 13.630660057067871094 14.703415870666503906 13.607354164123535156 10.566814422607421875 12.821705818176269531 17.02008819580078125 14.29383087158203125 9.3549699783325195313 9.0174093246459960938 11.201258659362792969 15.925081253051757813 20.656888961791992188 20.795015335083007813 17.635467529296875 16.453039169311523438 18.164632797241210938 19.653055191040039063 20.878328323364257813 21.462720870971679688 21.636922836303710938 22.342340469360351563 24.593626022338867188 24.925350189208984375 24.488851547241210938 26.946216583251953125 26.737558364868164063 28.686212539672851563 32.50002288818359375 30.858396530151367188 30.519453048706054688 31.344133377075195313 32.322711944580078125 33.470794677734375 33.215015411376953125 31.409389495849609375 28.39554595947265625 27.629154205322265625 25.286235809326171875
16.076520919799804688 13.977214813232421875 11.566516876220703125 12.900517463684082031 11.761673927307128906 9.3090257644653320313 11.83782196044921875 15.846952438354492188 14.586614608764648438 10.486764907836914063 9.7178554534912109375 11.958865165710449219 15.865720748901367188 18.790433883666992188 19.501005172729492188 18.7886505126953125 18.284917831420898438 19.79936981201171875 21.1960601806640625 21.031217575073242188 20.240194320678710938 20.883136749267578125 21.9903564453125 25.017019271850585938 25.165859222412109375 25.026014328002929688 27.624860763549804688 26.890859603881835938 29.69861602783203125 32.751461029052734375 29.279462814331054688 28.850217819213867188 28.873897552490234375 29.891819000244140625 33.6654510498046875 35.373992919921875 33.380458831787109375 29.737575531005859375 29.677867889404296875 31.227069854736328125
16.0009002685546875 14.216441154479980469 10.569470405578613281 11.096247673034667969 10.761058807373046875 10.438528060913085938 12.157708168029785156 14.505047798156738281 13.870985031127929688 11.128583908081054688 10.854626655578613281 12.76125335693359375 15.305828094482421875 16.66246795654296875 18.259525299072265625 20.415731430053710938 21.42263031005859375 22.214853286743164063 21.73540496826171875 19.321363449096679688 18.760141372680664063 21.230167388916015625 23.083459854125976563 24.637874603271484375 24.115781784057617188 25.30568695068359375 27.293657302856445313 25.963659286499023438 28.806783676147460938 31.12635040283203125 29.307405471801757813 28.659944534301757813 28.2528228759765625 26.593080520629882813 25.917102813720703125 26.588445663452148438 24.008203506469726563 24.386949539184570313 28.313627243041992188 31.049358367919921875
13.3566741943359375 13.036977767944335938 10.306631088256835938 9.6836118698120117188 10.695557594299316406 11.713326454162597656 11.737681388854980469 12.573416709899902344 12.902134895324707031 11.890812873840332031 12.443907737731933594 13.639584541320800781 14.817113876342773438 16.69280242919921875 20.129987716674804688 22.58612823486328125 23.059030532836914063 22.394254684448242188 20.809972763061523438 18.880865097045898438 19.301595687866210938 23.4373626708984375 26.054414749145507813 24.613737106323242188 21.21212005615234375 21.538755416870117188 24.76369476318359375 26.150524139404296875 28.963560104370117188 31.857847213745117188 31.3983306884765625 30.518646240234375 31.5827789306640625 32.246662139892578125 31.786640167236328125 31.551599502563476563 29.8751068115234375 27.877828598022460938 25.753643035888671875 27.461900711059570313
10.754338264465332031 11.686937332153320313 11.02280426025390625 9.9682445526123046875 11.061553001403808594 12.263187408447265625 10.937147140502929688 11.109355926513671875 12.760721206665039063 13.631625175476074219 14.488747596740722656 14.741133689880371094 14.941851615905761719 18.030973434448242188 22.359920501708984375 23.038516998291015625 22.086507797241210938 20.325712203979492188 19.879184722900390625 19.861684799194335938 20.751073837280273438 25.85654449462890625 27.392791748046875 22.382808685302734375 17.291364669799804688 17.75530242919921875 21.264204025268554688 24.030977249145507813 25.900327682495117188 28.335855484008789063 28.444803237915039063 26.440616607666015625 26.345663070678710938 27.645875930786132813 27.790454864501953125 27.584905624389648438 28.57672119140625 29.365411758422851563 30.000776290893554688 31.868558883666992188
9.7249727249145507813 11.273951530456542969 12.116452217102050781 12.305951118469238281 13.020110130310058594 13.877745628356933594 11.736804962158203125 10.560092926025390625 13.136034965515136719 15.899744987487792969 15.892432212829589844 14.971819877624511719 13.74353790283203125 17.162218093872070313 23.140027999877929688 22.2540283203125 20.257940292358398438 19.394495010375976563 19.895633697509765625 21.01556396484375 23.595655441284179688 28.436010360717773438 27.191293716430664063 19.96543121337890625 15.457841873168945313 18.13825225830078125 23.179754257202148438 26.928974151611328125 27.825574874877929688 28.103765487670898438 29.7805023193359375 29.57189178466796875 27.724651336669921875 26.889163970947265625 27.637020111083984375 26.929662704467773438 26.403026580810546875 25.370512008666992188 26.346719741821289063 29.446866989135742188
9.0805711746215820313 11.941399574279785156 13.160256385803222656 12.66260528564453125 12.696430206298828125 13.306875228881835938 11.287449836730957031 9.6926746368408203125 13.038935661315917969 16.90657806396484375 15.76755523681640625 14.815865516662597656 13.732295989990234375 16.977529525756835938 22.90683746337890625 21.140565872192382813 19.77783966064453125 20.798862457275390625 21.468593597412109375 23.752820968627929688 26.935396194458007813 28.601057052612304688 24.74802398681640625 17.792501449584960938 14.6566314697265625 18.357019424438476563 23.692996978759765625 26.6544189453125 26.574672698974609375 27.213144302368164063 29.847185134887695313 29.5498504638671875 26.840778350830078125 25.808500289916992188 28.163631439208984375 28.453502655029296875 27.257354736328125 25.98447418212890625 27.177747726440429688 29.4210968017578125
8.2438421249389648438 11.180588722229003906 13.458990097045898438 12.236681938171386719 11.970957756042480469 13.61225128173828125 12.675917625427246094 9.5738039016723632813 12.020442962646484375 16.097492218017578125 15.233219146728515625 14.839262008666992188 14.706158638000488281 17.147718429565429688 19.525094985961914063 19.372232437133789063 21.842313766479492188 22.713617324829101563 22.163316726684570313 24.014764785766601563 24.740552902221679688 24.470630645751953125 22.919452667236328125 18.367336273193359375 15.268712997436523438 18.777324676513671875 23.831521987915039063 26.315271377563476563 27.343463897705078125 28.596797943115234375 28.643894195556640625 27.246370315551757813 26.520483016967773438 27.546506881713867188 29.7617950439453125 29.240283966064453125 27.226612091064453125 28.126499176025390625 30.19194793701171875 29.347507476806640625
9.18540191650390625 10.870896339416503906 13.43997955322265625 13.089007377624511719 11.921590805053710938 12.680140495300292969 13.620409011840820313 11.314305305480957031 11.452322006225585938 15.222540855407714844 15.779791831970214844 15.243879318237304688 15.71698760986328125 16.800676345825195313 16.074800491333007813 19.580987930297851563 24.59236907958984375 22.557773590087890625 20.66905975341796875 21.916713714599609375 22.591909408569335938 23.87502288818359375 25.065464019775390625 21.808179855346679688 17.480792999267578125 19.25211334228515625 23.542619705200195313 25.795375823974609375 27.60506439208984375 28.459215164184570313 26.713687896728515625 26.406780242919921875 28.317869186401367188 31.412715911865234375 31.88382720947265625 28.076145172119140625 26.108488082885742188 28.675952911376953125 28.78585052490234375 26.979612350463867188
12.031400680541992188 12.705286979675292969 13.784820556640625 15.087668418884277344 13.242543220520019531 11.744400978088378906 13.38202667236328125 11.907723426818847656 11.402557373046875 15.257599830627441406 17.097652435302734375 15.905312538146972656 15.936704635620117188 16.584936141967773438 13.966427803039550781 20.428396224975585938 25.375705718994140625 21.318223953247070313 20.720834732055664063 21.060232162475585938 21.754446029663085938 24.013868331909179688 26.17938995361328125 24.319551467895507813 19.103969573974609375 18.77387237548828125 23.416467666625976563 25.8039703369140625 27.46158599853515625 27.990617752075195313 27.0118865966796875 28.083080291748046875 29.720010757446289063 31.040456771850585938 29.876323699951171875 25.8731842041015625 25.41550445556640625 28.15276336669921875 28.03075408935546875 28.964963912963867188
14.029397964477539063 15.55599212646484375 16.724233627319335938 17.366048812866210938 13.30389404296875 11.31103515625 13.59346771240234375 12.500018119812011719 12.559605598449707031 16.18285369873046875 17.936748504638671875 15.802288055419921875 14.751282691955566406 15.375091552734375 11.642827987670898438 19.73614501953125 26.56612396240234375 22.894683837890625 23.272783279418945313 24.0055084228515625 25.107244491577148438 26.433900833129882813 26.324697494506835938 23.696546554565429688 18.816511154174804688 18.7327880859375 24.26450347900390625 26.42359161376953125 27.171602249145507813 27.592899322509765625 27.382213592529296875 27.559757232666015625 27.6410980224609375 28.070453643798828125 28.009630203247070313 27.477510452270507813 27.597471237182617188 28.577680587768554688 28.392862319946289063 30.527881622314453125
16.679708480834960938 19.220550537109375 20.8702850341796875 16.85211944580078125 10.707711219787597656 10.688590049743652344 13.340420722961425781 12.73223876953125 13.272166252136230469 15.934754371643066406 16.631071090698242188 13.924833297729492188 12.942949295043945313 13.515517234802246094 11.89319610595703125 21.2572021484375 28.749177932739257813 26.294538497924804688 25.547727584838867188 25.794002532958984375 25.901098251342773438 25.296621322631835938 23.082506179809570313 20.195535659790039063 19.27606201171875 21.549884796142578125 25.547937393188476563 26.2820892333984375 26.292192459106445313 26.634979248046875 26.500659942626953125 26.150205612182617188 25.58960723876953125 26.068422317504882813 27.478479385375976563 28.46282196044921875 28.96410369873046875 29.58466339111328125 28.130617141723632813 28.977445602416992188
19.856271743774414063 20.014263153076171875 20.349102020263671875 13.724575996398925781 8.43918609619140625 9.3806676864624023438 12.307190895080566406 12.633532524108886719 13.638916015625 15.043058395385742188 14.283381462097167969 12.7938385009765625 13.013312339782714844 11.503826141357421875 15.341637611389160156 26.04953765869140625 28.749956130981445313 26.817331314086914063 25.627897262573242188 24.715274810791015625 24.187749862670898438 23.125095367431640625 20.837299346923828125 19.172939300537109375 21.525506973266601563 24.453771591186523438 25.874828338623046875 25.770311355590820313 25.808320999145507813 26.033983230590820313 26.131410598754882813 25.973735809326171875 26.090005874633789063 27.622629165649414063 29.32149505615234375 30.442060470581054688 30.754474639892578125 31.368387222290039063 29.334825515747070313 27.740056991577148438
22.094890594482421875 20.4320220947265625 19.70987701416015625 14.597326278686523438 9.7535572052001953125 8.0271902084350585938 10.241036415100097656 12.390352249145507813 14.406517982482910156 14.582999229431152344 12.590075492858886719 12.913756370544433594 14.459383010864257813 12.84272003173828125 19.692541122436523438 27.699472427368164063 27.235897064208984375 26.79618072509765625 25.524423599243164063 23.654766082763671875 23.563531875610351563 23.1475677490234375 21.27956390380859375 20.277675628662109375 22.735456466674804688 25.77178192138671875 26.7980804443359375 26.184541702270507813 25.338132858276367188 26.049774169921875 27.412328720092773438 26.979953765869140625 27.518850326538085938 29.501192092895507813 29.662168502807617188 30.5651397705078125 31.11730194091796875 30.995470046997070313 28.548046112060546875 27.293701171875
21.204235076904296875 20.526105880737304688 18.3731536865234375 14.019296646118164063 8.79268646240234375 6.4549250602722167969 8.5322399139404296875 12.1784820556640625 15.158954620361328125 14.219103813171386719 12.385190010070800781 14.150044441223144531 15.485875129699707031 16.681529998779296875 22.530611038208007813 26.406162261962890625 26.425048828125 26.421588897705078125 24.590471267700195313 22.996082305908203125 23.89708709716796875 24.000791549682617188 21.953706741333007813 21.071262359619140625 23.340915679931640625 27.0046844482421875 27.899209976196289063 26.386199951171875 25.310497283935546875 26.62609100341796875 27.898807525634765625 26.6070098876953125 27.277433395385742188 28.451135635375976563 28.6717529296875 31.05265045166015625 31.409132003784179688 29.370204925537109375 27.149059295654296875 27.324443817138671875
18.689306259155273438 18.690959930419921875 16.299955368041992188 12.434067726135253906 6.5657958984375 5.7956981658935546875 8.6724700927734375 12.600998878479003906 15.191179275512695313 13.872920989990234375 13.648022651672363281 15.740808486938476563 14.981283187866210938 19.235443115234375 25.105152130126953125 24.845300674438476563 24.967008590698242188 25.308111190795898438 24.222745895385742188 23.2095184326171875 24.218236923217773438 25.039102554321289063 23.397914886474609375 23.1523895263671875 23.901727676391601563 25.796407699584960938 26.841724395751953125 26.330417633056640625 26.142581939697265625 26.57390594482421875 27.121370315551757813 27.395391464233398438 28.300916671752929688 28.975128173828125 30.599498748779296875 34.685749053955078125 34.93711090087890625 31.73271942138671875 29.273134231567382813 27.946437835693359375
