InputData/SimplifiedCase/dem.asc
ncols 	 40 
nrows 	 40 
xllcorner 	 0.00 
yllcorner 	 0.00 
cellsize 	 5.0 
NODATA_value 	 -9999 
140.93	140.93	140.93	140.93	140.93	140.93	140.93	140.93	140.93	140.93	140.93	140.93	140.93	140.93	140.93	140.93	140.93	140.93	140.93	140.93	140.93	140.93	140.93	140.93	140.93	140.93	140.93	140.93	140.93	140.93	140.93	140.93	140.93	140.93	140.93	140.93	140.93	140.93	140.93	140.93	
138.60	138.60	138.60	138.60	138.60	138.60	138.60	138.60	138.60	138.60	138.60	138.60	138.60	138.60	138.60	138.60	138.60	138.60	138.60	138.60	138.60	138.60	138.60	138.60	138.60	138.60	138.60	138.60	138.60	138.60	138.60	138.60	138.60	138.60	138.60	138.60	138.60	138.60	138.60	138.60	
136.27	136.27	136.27	136.27	136.27	136.27	136.27	136.27	136.27	136.27	136.27	136.27	136.27	136.27	136.27	136.27	136.27	136.27	136.27	136.27	136.27	136.27	136.27	136.27	136.27	136.27	136.27	136.27	136.27	136.27	136.27	136.27	136.27	136.27	136.27	136.27	136.27	136.27	136.27	136.27	
133.94	133.94	133.94	133.94	133.94	133.94	133.94	133.94	133.94	133.94	133.94	133.94	133.94	133.94	133.94	133.94	133.94	133.94	133.94	133.94	133.94	133.94	133.94	133.94	133.94	133.94	133.94	133.94	133.94	133.94	133.94	133.94	133.94	133.94	133.94	133.94	133.94	133.94	133.94	133.94	
131.60	131.60	131.60	131.60	131.60	131.60	131.60	131.60	131.60	131.60	131.60	131.60	131.60	131.60	131.60	131.60	131.60	131.60	131.60	131.60	131.60	131.60	131.60	131.60	131.60	131.60	131.60	131.60	131.60	131.60	131.60	131.60	131.60	131.60	131.60	131.60	131.60	131.60	131.60	131.60	
129.27	129.27	129.27	129.27	129.27	129.27	129.27	129.27	129.27	129.27	129.27	129.27	129.27	129.27	129.27	129.27	129.27	129.27	129.27	129.27	129.27	129.27	129.27	129.27	129.27	129.27	129.27	129.27	129.27	129.27	129.27	129.27	129.27	129.27	129.27	129.27	129.27	129.27	129.27	129.27	
126.94	126.94	126.94	126.94	126.94	126.94	126.94	126.94	126.94	126.94	126.94	126.94	126.94	126.94	126.94	126.94	126.94	126.94	126.94	126.94	126.94	126.94	126.94	126.94	126.94	126.94	126.94	126.94	126.94	126.94	126.94	126.94	126.94	126.94	126.94	126.94	126.94	126.94	126.94	126.94	
124.61	124.61	124.61	124.61	124.61	124.61	124.61	124.61	124.61	124.61	124.61	124.61	124.61	124.61	124.61	124.61	124.61	124.61	124.61	124.61	124.61	124.61	124.61	124.61	124.61	124.61	124.61	124.61	124.61	124.61	124.61	124.61	124.61	124.61	124.61	124.61	124.61	124.61	124.61	124.61	
122.28	122.28	122.28	122.28	122.28	122.28	122.28	122.28	122.28	122.28	122.28	122.28	122.28	122.28	122.28	122.28	122.28	122.28	122.28	122.28	122.28	122.28	122.28	122.28	122.28	122.28	122.28	122.28	122.28	122.28	122.28	122.28	122.28	122.28	122.28	122.28	122.28	122.28	122.28	122.28	
119.95	119.95	119.95	119.95	119.95	119.95	119.95	119.95	119.95	119.95	119.95	119.95	119.95	119.95	119.95	119.95	119.95	119.95	119.95	119.95	119.95	119.95	119.95	119.95	119.95	119.95	119.95	119.95	119.95	119.95	119.95	119.95	119.95	119.95	119.95	119.95	119.95	119.95	119.95	119.95	
117.61	117.61	117.61	117.61	117.61	117.61	117.61	117.61	117.61	117.61	117.61	117.61	117.61	117.61	117.61	117.61	117.61	117.61	117.61	117.61	117.61	117.61	117.61	117.61	117.61	117.61	117.61	117.61	117.61	117.61	117.61	117.61	117.61	117.61	117.61	117.61	117.61	117.61	117.61	117.61	
115.28	115.28	115.28	115.28	115.28	115.28	115.28	115.28	115.28	115.28	115.28	115.28	115.28	115.28	115.28	115.28	115.28	115.28	115.28	115.28	115.28	115.28	115.28	115.28	115.28	115.28	115.28	115.28	115.28	115.28	115.28	115.28	115.28	115.28	115.28	115.28	115.28	115.28	115.28	115.28	
112.95	112.95	112.95	112.95	112.95	112.95	112.95	112.95	112.95	112.95	112.95	112.95	112.95	112.95	112.95	112.95	112.95	112.95	112.95	112.95	112.95	112.95	112.95	112.95	112.95	112.95	112.95	112.95	112.95	112.95	112.95	112.95	112.95	112.95	112.95	112.95	112.95	112.95	112.95	112.95	
110.62	110.62	110.62	110.62	110.62	110.62	110.62	110.62	110.62	110.62	110.62	110.62	110.62	110.62	110.62	110.62	110.62	110.62	110.62	110.62	110.62	110.62	110.62	110.62	110.62	110.62	110.62	110.62	110.62	110.62	110.62	110.62	110.62	110.62	110.62	110.62	110.62	110.62	110.62	110.62	
108.29	108.29	108.29	108.29	108.29	108.29	108.29	108.29	108.29	108.29	108.29	108.29	108.29	108.29	108.29	108.29	108.29	108.29	108.29	108.29	108.29	108.29	108.29	108.29	108.29	108.29	108.29	108.29	108.29	108.29	108.29	108.29	108.29	108.29	108.29	108.29	108.29	108.29	108.29	108.29	
105.96	105.96	105.96	105.96	105.96	105.96	105.96	105.96	105.96	105.96	105.96	105.96	105.96	105.96	105.96	105.96	105.96	105.96	105.96	105.96	105.96	105.96	105.96	105.96	105.96	105.96	105.96	105.96	105.96	105.96	105.96	105.96	105.96	105.96	105.96	105.96	105.96	105.96	105.96	105.96	
103.63	103.63	103.63	103.63	103.63	103.63	103.63	103.63	103.63	103.63	103.63	103.63	103.63	103.63	103.63	103.63	103.63	103.63	103.63	103.63	103.63	103.63	103.63	103.63	103.63	103.63	103.63	103.63	103.63	103.63	103.63	103.63	103.63	103.63	103.63	103.63	103.63	103.63	103.63	103.63	
101.29	101.29	101.29	101.29	101.29	101.29	101.29	101.29	101.29	101.29	101.29	101.29	101.29	101.29	101.29	101.29	101.29	101.29	101.29	101.29	101.29	101.29	101.29	101.29	101.29	101.29	101.29	101.29	101.29	101.29	101.29	101.29	101.29	101.29	101.29	101.29	101.29	101.29	101.29	101.29	
98.96	98.96	98.96	98.96	98.96	98.96	98.96	98.96	98.96	98.96	98.96	98.96	98.96	98.96	98.96	98.96	98.96	98.96	98.96	98.96	98.96	98.96	98.96	98.96	98.96	98.96	98.96	98.96	98.96	98.96	98.96	98.96	98.96	98.96	98.96	98.96	98.96	98.96	98.96	98.96	
96.63	96.63	96.63	96.63	96.63	96.63	96.63	96.63	96.63	96.63	96.63	96.63	96.63	96.63	96.63	96.63	96.63	96.63	96.63	96.63	96.63	96.63	96.63	96.63	96.63	96.63	96.63	96.63	96.63	96.63	96.63	96.63	96.63	96.63	96.63	96.63	96.63	96.63	96.63	96.63	
94.30	94.30	94.30	94.30	94.30	94.30	94.30	94.30	94.30	94.30	94.30	94.30	94.30	94.30	94.30	94.30	94.30	94.30	94.30	94.30	94.30	94.30	94.30	94.30	94.30	94.30	94.30	94.30	94.30	94.30	94.30	94.30	94.30	94.30	94.30	94.30	94.30	94.30	94.30	94.30	
91.97	91.97	91.97	91.97	91.97	91.97	91.97	91.97	91.97	91.97	91.97	91.97	91.97	91.97	91.97	91.97	91.97	91.97	91.97	91.97	91.97	91.97	91.97	91.97	91.97	91.97	91.97	91.97	91.97	91.97	91.97	91.97	91.97	91.97	91.97	91.97	91.97	91.97	91.97	91.97	
89.64	89.64	89.64	89.64	89.64	89.64	89.64	89.64	89.64	89.64	89.64	89.64	89.64	89.64	89.64	89.64	89.64	89.64	89.64	89.64	89.64	89.64	89.64	89.64	89.64	89.64	89.64	89.64	89.64	89.64	89.64	89.64	89.64	89.64	89.64	89.64	89.64	89.64	89.64	89.64	
87.30	87.30	87.30	87.30	87.30	87.30	87.30	87.30	87.30	87.30	87.30	87.30	87.30	87.30	87.30	87.30	87.30	87.30	87.30	87.30	87.30	87.30	87.30	87.30	87.30	87.30	87.30	87.30	87.30	87.30	87.30	87.30	87.30	87.30	87.30	87.30	87.30	87.30	87.30	87.30	
84.97	84.97	84.97	84.97	84.97	84.97	84.97	84.97	84.97	84.97	84.97	84.97	84.97	84.97	84.97	84.97	84.97	84.97	84.97	84.97	84.97	84.97	84.97	84.97	84.97	84.97	84.97	84.97	84.97	84.97	84.97	84.97	84.97	84.97	84.97	84.97	84.97	84.97	84.97	84.97	
82.64	82.64	82.64	82.64	82.64	82.64	82.64	82.64	82.64	82.64	82.64	82.64	82.64	82.64	82.64	82.64	82.64	82.64	82.64	82.64	82.64	82.64	82.64	82.64	82.64	82.64	82.64	82.64	82.64	82.64	82.64	82.64	82.64	82.64	82.64	82.64	82.64	82.64	82.64	82.64	
80.31	80.31	80.31	80.31	80.31	80.31	80.31	80.31	80.31	80.31	80.31	80.31	80.31	80.31	80.31	80.31	80.31	80.31	80.31	80.31	80.31	80.31	80.31	80.31	80.31	80.31	80.31	80.31	80.31	80.31	80.31	80.31	80.31	80.31	80.31	80.31	80.31	80.31	80.31	80.31	
77.98	77.98	77.98	77.98	77.98	77.98	77.98	77.98	77.98	77.98	77.98	77.98	77.98	77.98	77.98	77.98	77.98	77.98	77.98	77.98	77.98	77.98	77.98	77.98	77.98	77.98	77.98	77.98	77.98	77.98	77.98	77.98	77.98	77.98	77.98	77.98	77.98	77.98	77.98	77.98	
75.65	75.65	75.65	75.65	75.65	75.65	75.65	75.65	75.65	75.65	75.65	75.65	75.65	75.65	75.65	75.65	75.65	75.65	75.65	75.65	75.65	75.65	75.65	75.65	75.65	75.65	75.65	75.65	75.65	75.65	75.65	75.65	75.65	75.65	75.65	75.65	75.65	75.65	75.65	75.65	
73.32	73.32	73.32	73.32	73.32	73.32	73.32	73.32	73.32	73.32	73.32	73.32	73.32	73.32	73.32	73.32	73.32	73.32	73.32	73.32	73.32	73.32	73.32	73.32	73.32	73.32	73.32	73.32	73.32	73.32	73.32	73.32	73.32	73.32	73.32	73.32	73.32	73.32	73.32	73.32	
70.98	70.98	70.98	70.98	70.98	70.98	70.98	70.98	70.98	70.98	70.98	70.98	70.98	70.98	70.98	70.98	70.98	70.98	70.98	70.98	70.98	70.98	70.98	70.98	70.98	70.98	70.98	70.98	70.98	70.98	70.98	70.98	70.98	70.98	70.98	70.98	70.98	70.98	70.98	70.98	
68.65	68.65	68.65	68.65	68.65	68.65	68.65	68.65	68.65	68.65	68.65	68.65	68.65	68.65	68.65	68.65	68.65	68.65	68.65	68.65	68.65	68.65	68.65	68.65	68.65	68.65	68.65	68.65	68.65	68.65	68.65	68.65	68.65	68.65	68.65	68.65	68.65	68.65	68.65	68.65	
66.32	66.32	66.32	66.32	66.32	66.32	66.32	66.32	66.32	66.32	66.32	66.32	66.32	66.32	66.32	66.32	66.32	66.32	66.32	66.32	66.32	66.32	66.32	66.32	66.32	66.32	66.32	66.32	66.32	66.32	66.32	66.32	66.32	66.32	66.32	66.32	66.32	66.32	66.32	66.32	
63.99	63.99	63.99	63.99	63.99	63.99	63.99	63.99	63.99	63.99	63.99	63.99	63.99	63.99	63.99	63.99	63.99	63.99	63.99	63.99	63.99	63.99	63.99	63.99	63.99	63.99	63.99	63.99	63.99	63.99	63.99	63.99	63.99	63.99	63.99	63.99	63.99	63.99	63.99	63.99	
61.66	61.66	61.66	61.66	61.66	61.66	61.66	61.66	61.66	61.66	61.66	61.66	61.66	61.66	61.66	61.66	61.66	61.66	61.66	61.66	61.66	61.66	61.66	61.66	61.66	61.66	61.66	61.66	61.66	61.66	61.66	61.66	61.66	61.66	61.66	61.66	61.66	61.66	61.66	61.66	
59.33	59.33	59.33	59.33	59.33	59.33	59.33	59.33	59.33	59.33	59.33	59.33	59.33	59.33	59.33	59.33	59.33	59.33	59.33	59.33	59.33	59.33	59.33	59.33	59.33	59.33	59.33	59.33	59.33	59.33	59.33	59.33	59.33	59.33	59.33	59.33	59.33	59.33	59.33	59.33	
56.99	56.99	56.99	56.99	56.99	56.99	56.99	56.99	56.99	56.99	56.99	56.99	56.99	56.99	56.99	56.99	56.99	56.99	56.99	56.99	56.99	56.99	56.99	56.99	56.99	56.99	56.99	56.99	56.99	56.99	56.99	56.99	56.99	56.99	56.99	56.99	56.99	56.99	56.99	56.99	
54.66	54.66	54.66	54.66	54.66	54.66	54.66	54.66	54.66	54.66	54.66	54.66	54.66	54.66	54.66	54.66	54.66	54.66	54.66	54.66	54.66	54.66	54.66	54.66	54.66	54.66	54.66	54.66	54.66	54.66	54.66	54.66	54.66	54.66	54.66	54.66	54.66	54.66	54.66	54.66	
52.33	52.33	52.33	52.33	52.33	52.33	52.33	52.33	52.33	52.33	52.33	52.33	52.33	52.33	52.33	52.33	52.33	52.33	52.33	52.33	52.33	52.33	52.33	52.33	52.33	52.33	52.33	52.33	52.33	52.33	52.33	52.33	52.33	52.33	52.33	52.33	52.33	52.33	52.33	52.33	
50.00	50.00	50.00	50.00	50.00	50.00	50.00	50.00	50.00	50.00	50.00	50.00	50.00	50.00	50.00	50.00	50.00	50.00	50.00	50.00	50.00	50.00	50.00	50.00	50.00	50.00	50.00	50.00	50.00	50.00	50.00	50.00	50.00	50.00	50.00	50.00	50.00	50.00	50.00	50.00	
